-55.526399 145.242727
-55.010761 145.573202
-54.848856 146.268252
-54.613570 146.195805
-54.900214 145.082511
-55.507766 144.718891
-53.335123 140.243890
-51.266998 134.016546
-51.608339 131.826148
-51.258780 131.362410
-51.600249 131.515246
-50.414672 127.173498
-49.851880 123.298912
-49.617069 123.225547
-49.231188 124.057986
-48.305918 124.387156
-47.874264 124.981635
-45.770453 124.739515
-46.886367 124.450495
-49.881428 122.710253
-47.381244 115.980664
-44.786027 111.519959
-44.049159 106.918798
-43.575294 105.454164
-43.184948 105.368034
-42.798031 103.763972
-43.325590 104.154432
-42.863403 102.597771
-42.958028 99.933763
-42.710794 99.649693
-42.674316 98.510105
-42.343580 98.265748
-42.693380 97.613611
-42.117032 94.153803
-42.842066 88.826784
-42.379422 88.991372
-42.314716 88.437719
-41.500011 87.838159
-40.014538 88.560373
-38.917131 88.559179
-38.445931 88.110296
-37.217375 88.214001
-34.712877 87.577853
-34.208642 87.004555
-28.394081 85.234560
-27.476962 84.456362
-25.679328 84.642739
-26.713359 83.691856
-27.243678 83.680015
-28.927374 84.821769
-30.546474 85.109060
-31.273368 85.847401
-33.091230 86.179942
-35.142503 86.986769
-36.832979 87.022589
-37.456044 87.582500
-39.427345 88.329363
-41.337233 87.515103
-42.845924 88.121899
-42.409862 84.771476
-42.652529 81.923252
-42.466133 79.666527
-43.202788 77.688198
-43.558223 75.327420
-44.575570 73.756635
-45.310385 73.388681
-45.378863 72.330925
-46.419670 70.274018
-46.299758 68.473662
-45.768125 68.487027
-44.975092 70.221654
-42.795576 70.838034
-40.973233 72.723239
-39.985130 73.308019
-38.007328 73.667254
-37.435106 74.455475
-34.208067 76.213195
-33.906720 76.797036
-32.928576 76.782767
-31.723247 76.096761
-31.180977 76.200418
-31.455250 75.898830
-30.972677 75.543425
-29.919462 75.574185
-25.115671 72.035938
-27.354906 73.282971
-29.963910 73.793501
-34.636897 75.621450
-35.290593 75.195224
-34.508579 75.023140
-35.791707 74.657407
-37.741241 72.766645
-38.418895 72.458993
-39.445290 72.709418
-39.967175 72.387564
-40.558227 72.519218
-41.282874 71.843714
-41.583766 70.956081
-42.977007 69.964562
-44.822389 69.807833
-45.591166 67.954381
-46.531015 67.133393
-47.027356 67.395877
-46.563498 65.747868
-45.544648 65.806754
-44.237504 66.660733
-43.467761 66.700529
-42.012984 66.037144
-39.706103 66.055926
-38.382831 65.588794
-39.400769 65.530467
-40.049122 65.905366
-42.346602 65.577089
-44.237520 66.358598
-44.929242 65.557468
-46.317173 65.064954
-45.140334 58.973641
-45.576237 57.181228
-44.920488 58.009217
-44.968992 60.456847
-44.529623 60.437342
-43.981382 61.342969
-43.211413 61.382583
-41.773472 60.129266
-42.901067 59.446044
-43.629130 60.883258
-43.761499 60.076350
-43.222653 59.078975
-44.400632 57.628474
-44.429176 56.644379
-45.222343 56.420587
-45.683171 56.958793
-46.246266 55.862459
-46.154496 54.891846
-48.004625 52.024287
-47.436977 51.709874
-47.174382 52.221645
-46.106844 52.746989
-45.210397 54.302369
-43.964952 54.597710
-43.807637 54.984367
-41.933862 56.126590
-40.432259 55.831168
-37.388344 56.316079
-38.700183 55.870319
-39.320371 55.319251
-41.676740 55.536342
-43.073462 55.050668
-43.578707 54.014089
-44.665741 53.803628
-45.952974 52.032565
-47.307554 51.415332
-46.231518 48.321776
-46.342642 47.298460
-44.597572 44.823996
-42.746353 38.865284
-42.534458 38.910924
-42.915425 41.392163
-43.302756 41.975423
-42.873897 42.564713
-42.908973 43.292589
-43.179617 43.789747
-43.651180 43.933029
-43.908332 45.223796
-43.636472 45.125243
-43.351088 45.519345
-43.390093 48.054549
-43.968582 47.674447
-43.996792 46.993491
-44.365210 47.261028
-43.812879 48.664207
-42.120982 48.232787
-42.207869 47.091924
-41.581249 46.234528
-42.082498 45.997656
-41.799434 44.988848
-42.027584 44.354055
-41.354514 43.862441
-41.634197 42.362589
-40.204732 41.020933
-40.894559 39.921092
-40.540623 39.462546
-41.265401 39.089220
-40.968794 38.872708
-41.560449 39.003590
-41.989501 38.414430
-42.509199 38.492899
-43.158096 35.860169
-42.675922 34.709669
-41.963435 35.292389
-41.370415 34.860763
-41.775070 34.153918
-42.534074 34.205615
-41.527785 28.973629
-41.591263 27.619621
-42.043551 27.148479
-41.131844 26.986340
-39.396751 28.125792
-37.762304 28.637006
-37.286846 29.291097
-34.100046 29.272453
-32.194176 29.684156
-31.791792 29.691002
-30.988262 28.906499
-30.433387 27.704232
-33.141162 29.174607
-36.377477 28.330344
-37.808459 28.270949
-39.447203 27.262353
-38.644324 26.779312
-40.206407 27.314209
-40.681393 26.659747
-41.534935 26.279492
-41.252875 24.077654
-40.697985 23.574624
-39.562760 23.550210
-40.461449 23.503652
-40.699796 23.176447
-39.956873 21.439028
-39.021952 20.362179
-38.073377 20.173755
-39.304337 20.068102
-39.715424 19.767088
-39.780789 19.714455
-39.191335 17.690965
-38.885337 15.275574
-39.102625 11.045777
-40.288457 9.412581
-40.517030 7.983794
-42.353189 5.625572
-41.466229 1.800005
-42.355275 1.049034
-40.931937 -1.170873
-40.811956 -0.759990
-40.397200 -0.661616
-37.401223 -0.336277
-36.841219 0.452971
-37.151355 1.273236
-36.665468 2.415059
-35.632280 3.060986
-35.525458 3.680691
-34.745231 4.111962
-33.939680 5.221540
-30.846411 6.964329
-29.413112 9.410813
-29.187888 9.247505
-29.341759 8.563419
-30.288266 6.561164
-28.466072 6.933347
-29.092637 6.392180
-31.580403 5.803945
-32.992603 3.840445
-34.341707 2.626881
-34.602338 1.322986
-35.156941 0.729355
-36.996940 0.067489
-37.493686 -0.767394
-40.161670 -1.130187
-40.933162 -1.568301
-38.677703 -7.367538
-38.426947 -7.249790
-38.523225 -6.286705
-37.479089 -5.150971
-36.080816 -4.966032
-34.043275 -5.242616
-33.022262 -5.085444
-29.753193 -5.953639
-29.419218 -6.591471
-28.624384 -7.065754
-28.043359 -8.079990
-28.813556 -8.120730
-29.203741 -7.541436
-30.296370 -6.852182
-32.607858 -5.781042
-34.609457 -5.530014
-37.242224 -5.619329
-38.298189 -6.448608
-38.046329 -8.615890
-38.652711 -7.881582
-35.906660 -13.232059
-36.298815 -13.149535
-36.007169 -16.037301
-37.228921 -16.943276
-36.705673 -18.509427
-36.219580 -18.560370
-36.065140 -18.176366
-35.318756 -18.415505
-35.991696 -19.021752
-36.513077 -18.944503
-35.799446 -20.646777
-35.853438 -23.083727
-35.317795 -24.161256
-34.424150 -24.802596
-34.316949 -25.770514
-33.129394 -26.423934
-33.602228 -26.678084
-34.505939 -26.030146
-35.744414 -23.954411
-36.701489 -25.346796
-38.624068 -25.157553
-38.611296 -25.859435
-37.777686 -27.149563
-37.410475 -31.370449
-38.265021 -31.450313
-39.859100 -33.474660
-40.078244 -35.987732
-37.580912 -37.673485
-37.471351 -38.146194
-36.972035 -38.404793
-35.263734 -38.340560
-32.611398 -37.373282
-31.741917 -37.897108
-32.439721 -38.385347
-33.746534 -38.142176
-35.808547 -38.939507
-36.661552 -38.921918
-38.636750 -37.708667
-40.101877 -36.266533
-41.134695 -36.023682
-41.485179 -37.452517
-41.386551 -38.412575
-41.909904 -38.829680
-42.147890 -41.029579
-41.124130 -42.550647
-40.879277 -44.008319
-41.856156 -46.469650
-41.862667 -50.410452
-42.454652 -51.073815
-42.249122 -51.811330
-41.665946 -52.029211
-42.496295 -52.226712
-42.209579 -53.022615
-41.421390 -53.582887
-42.432697 -53.159486
-42.682436 -53.276817
-42.381157 -54.280214
-42.650932 -54.481832
-42.941930 -56.639291
-42.469170 -57.861480
-42.714956 -58.671433
-42.541552 -62.534280
-42.075928 -63.160060
-41.225767 -66.319519
-40.641751 -66.536791
-41.031811 -66.751986
-40.593113 -68.832049
-40.390849 -74.376550
-38.903766 -74.937699
-36.776812 -75.167587
-34.376931 -76.571161
-33.249522 -76.682929
-31.945764 -76.135363
-28.578710 -75.774283
-25.804013 -73.524314
-24.839969 -74.012010
-24.094377 -73.854495
-22.663034 -72.810740
-21.278431 -72.322617
-20.538322 -71.475077
-20.294591 -70.667272
-20.969469 -68.911337
-20.712731 -68.407252
-21.130575 -66.146220
-20.186094 -65.148461
-19.170633 -64.790691
-20.165887 -66.538247
-20.178617 -68.295785
-19.695813 -69.522050
-19.551423 -71.685818
-20.033651 -72.519792
-21.909949 -73.835789
-23.371092 -73.974370
-24.499453 -75.037281
-26.120089 -74.280674
-26.222933 -74.893676
-28.322396 -76.347856
-30.126689 -76.638370
-30.896376 -77.074415
-31.786000 -77.032069
-32.269754 -77.376504
-36.370756 -77.122277
-37.350760 -75.938826
-39.288919 -75.941252
-40.481409 -75.294000
-39.788479 -77.648786
-39.608338 -79.934383
-40.305619 -83.558914
-40.142152 -84.752145
-40.993324 -86.698777
-39.713028 -86.525068
-40.406969 -87.308894
-40.079964 -88.126336
-40.576451 -88.658295
-40.889643 -88.143972
-40.764290 -87.252355
-41.134132 -87.383426
-40.973128 -89.846591
-39.620461 -92.464143
-39.002138 -95.148134
-38.763515 -96.881108
-39.210183 -100.085653
-37.959757 -100.084682
-37.378209 -100.493648
-39.134584 -100.529477

