-3372246.81534 4263808.67852 10.279 2.11348903984e+11 148.711473288 82.409961756 -20.0490746177 31.3572847071 20081105.03374643
-3357305.16165 4218289.80727 13.673 2.60015956317e+11 337.637222576 77.794630531 23.6620947691 29.4077389978 20081113.12532637
-3361900.93886 4264433.25624 13.403 8.70963589956e+11 145.058261221 82.9357991425 -5.48181154392 28.4140295878 20081114.22275807
-3374487.99308 4207617.36219 16.723 4.67735141287e+11 270.504604828 67.9190246046 178.742668354 27.1520880319 20081115.05215909
-3367800.58842 4199218.96324 15.345 7.58577575029e+11 104.680336697 64.370562166 -116.067422977 29.6542176325 20081127.10230659
-3374980.3287 4269655.05925 11.627 3.42767786546e+11 81.7804499694 88.1667831968 149.211639452 30.1156468263 20081128.04503187
-3363843.94057 4192772.71432 16.444 2.42661009508e+11 253.214606588 81.8347611668 166.736645892 26.6334330645 20081130.11052937
-3400647.13433 4275462.24617 7.856 5.01187233627e+11 325.943132024 62.7960936459 36.8207359304 30.3148225381 20081201.16465075
-3398614.00612 4272754.26544 2.496 1.99526231497e+12 248.902091632 68.7481802383 41.3669030295 34.445570584 20081201.20091803
-3373667.43833 4271391.67713 10.806 1.90546071796e+11 263.165452768 87.5324134408 -166.115010201 30.6531334403 20081201.20232823
-3379493.51485 4240050.08464 15.001 2.31739464997e+13 264.950898988 75.5827094033 -175.297428175 27.8759509916 20081202.16485960
-3373601.00266 4271419.67647 10.861 1.77827941004e+11 82.289941653 88.1134111244 153.582504217 30.4389827191 20081203.05290455
-3398819.40033 4272906.94075 3.254 6.02559586074e+12 94.3736496701 31.5290481947 61.6127323516 30.10475479 20081203.17563715
-3400411.4379 4275122.90765 7.66 4.57088189615e+12 196.21130911 19.9782977915 91.5356589328 30.7533473985 20081204.15492628
-3381882.46105 4212492.54787 19.152 1.84077200147e+11 69.0891789793 77.3915267266 151.545855348 30.8308289422 20081205.18580132
-3400671.04986 4275274.47867 7.782 6.53130552647e+13 32.7266732618 56.7429034908 84.4043772 32.2997805688 20081205.20292300
-3398821.87832 4272498.27329 2.39 1.1481536215e+12 168.764240121 39.2870890195 42.3399157675 33.6738458671 20081206.05285435
-3398776.30051 4272622.32547 2.722 1.1481536215e+12 225.560327304 43.2667760097 120.014220709 33.6229549886 20081206.09434232
-3366741.79002 4204334.31818 16.741 6.60693448008e+11 92.1178398042 77.9066815021 -140.989104537 32.3404754939 20081208.03461917
-3399016.62631 4272405.04955 2.804 9.44060876286e+12 215.664248125 38.896294068 95.0726317467 34.4007973768 20081208.15360308
-3379685.37857 4166899.61549 7.009 1.1481536215e+12 138.207100668 50.6187697243 13.0262957846 30.2370153856 20081208.17342019
-3369980.66987 4228954.39314 16.667 5.06990708275e+12 4.830857742 84.0544169791 -6.54524835324 28.0661404919 20081209.02390350
-3369987.77125 4228946.46427 16.653 4.51855944375e+11 276.317729765 82.1978190724 169.962944314 27.0521752497 20081210.06052705
-3399012.34413 4272655.09811 2.872 3.98107170553e+12 239.187458199 51.5593111548 132.180063201 34.1647942004 20081210.11352010
-3374306.14764 4207253.77676 15.82 6.83911647281e+11 272.191029444 74.3868288526 168.022417904 27.6621742046 20081221.04100869
-3374287.48552 4207258.57836 15.753 6.16595001861e+11 272.191029444 74.3868288526 168.022417904 27.6621742046 20081221.04100871
-3399204.26943 4272644.31408 3.24 8.70963589956e+11 241.022717623 52.654489428 135.726916233 33.4616154649 20081222.11382255
-3369665.61198 4265477.88201 11.502 4.67735141287e+11 221.595841081 72.1135749902 173.418206412 28.0918551963 20081224.17463007
-3371514.28681 4274961.87952 14.26 2.06538015581e+12 79.5088352889 80.7865157884 172.623520582 28.4916723574 20081229.05012841
-3395897.76737 4207155.01177 8.337 1.73780082875e+12 317.54670419 70.3009662718 -44.5656245808 32.4825516281 20090108.02433742
-3364467.54916 4200116.6991 16.678 2.60015956317e+11 357.074977424 48.9874682618 -18.8594441695 29.6798376627 20090108.13535889
-3349776.87504 4264076.94227 12.261 9.01571137606e+11 260.231217137 60.3532224102 -156.02854121 28.2311882673 20090114.10552978
-3372308.15801 4236161.65624 19.847 3.46736850453e+12 251.40967383 83.6127887417 -164.279985976 28.2456405969 20090114.16432487
-3369222.01456 4263571.07792 11.381 1.84077200147e+11 230.258639847 19.347222581 176.486961632 30.2110914631 20090117.13183313
-3353793.59256 4257447.68876 11.02 4.3651583224e+11 215.477654535 63.7363893688 127.712175806 29.673368453 20090119.14581828
-3385382.66482 4240843.15949 16.252 2.11348903984e+11 85.1047157546 63.2607791115 175.762684496 29.1913738893 20090124.13421056
-3370687.23328 4233387.266 14.538 2.88403150313e+11 338.104679509 62.0506950699 37.1416983034 29.3865969583 20090125.07110308
-3384211.94055 4216219.45975 12.73 3.71535229097e+12 252.81099428 63.7094695902 177.180726165 30.2349260817 20090208.06074199
-3372282.55847 4248604.30258 4.012 2.11348903984e+11 245.819806608 15.0992436363 -127.646576135 35.5689516017 20090211.02181483
-3361203.03023 4175467.45377 11.035 1.84077200147e+11 127.385727032 55.0080923191 -166.484004729 29.855044633 20090211.05280517
-3364181.54858 4217850.09876 15.131 1.23026877081e+12 258.031687327 59.5736918994 -160.751904918 27.8447798336 20090213.22244900
-3370270.5738 4230805.83635 12.778 1.03514216668e+12 338.013993786 75.7927074043 -32.3664004742 29.9882496898 20090219.13303067
-3396549.17233 4217221.30533 8.597 1.36458313659e+12 251.185801279 68.8949750321 131.812443678 28.0826439865 20090224.22503900
-3327442.90124 4242719.31111 20.607 1.05925372518e+14 72.2467891597 80.2186705286 176.707070022 29.8208795779 20090225.17592492
-3378852.56423 4163291.68356 4.507 3.31131121483e+11 139.68439064 50.6803700464 -27.1238476499 32.9637512927 20090225.21421548
-3351873.23525 4257972.60057 12.399 1.18850222744e+12 163.768420796 62.4873759721 36.783919788 31.3501386654 20090228.21125685
-3377997.61352 4211268.89812 10.869 2.42661009508e+11 255.922101736 71.6880917972 162.291947234 33.9525798568 20090303.08105304
-3375718.04815 4165311.01789 5.743 5.5590425727e+11 0.551987532018 77.177976747 15.9612659746 29.5304715479 20090316.17322355
-3385001.60167 4213556.44887 13.359 9.44060876286e+12 318.90783032 89.2430858145 34.6602357771 34.6076785143 20090324.13564728
-3367328.82953 4099117.94049 22.783 8.41395141645e+11 126.986242791 46.3066948517 -100.716692587 31.4678760182 20090330.13133461
-3373010.31324 4268370.58536 13.658 7.8523563461e+11 275.807135061 82.449222069 -137.507137072 27.6850810851 20090331.06073510
-3377422.21237 4263824.33209 10.593 7.32824533139e+11 277.106061896 79.9803639411 -120.793170495 29.8216806562 20090401.23030663
-3390637.84848 4209895.40738 7.726 9.12010839356e+12 251.332441096 57.4357883281 172.403471316 28.5475918543 20090403.12371259
-3358185.09723 4173458.74367 10.733 2.34422881532e+11 74.1333836329 58.1172384512 140.295875718 28.4600680367 20090413.01050993
-3395486.00751 4219132.4612 11.249 3.31131121483e+11 256.465775746 60.5403882296 -159.652881881 30.0261416988 20090416.11290558
-3370563.55278 4271576.77031 16.415 2.54097270555e+12 161.904889102 66.7327465092 20.6080315578 28.4129393106 20090417.19250401
-3383193.0572 4227769.45131 17.21 8.81048873008e+12 85.6712860908 83.53697032 174.518496521 28.5642908081 20090422.10193464
-3368445.72674 4227515.75958 17.906 5.18800038929e+11 149.134964121 84.9128993662 7.74832026952 29.611231553 20090422.12191309
-3377659.70903 4217312.3827 19.957 1.33352143216e+13 153.124167173 67.0753963987 9.25339756456 28.7735192651 20090427.18433117
-3383332.44672 4227814.06986 17.328 2.21309470961e+12 250.704991052 82.4062895486 173.688453807 28.9182322087 20090503.05265603
-3372993.61432 4185319.7683 15.174 8.12830516164e+11 94.155926275 86.9494588257 156.773358153 27.4343501319 20090503.13282889
-3339519.45972 4216759.43746 22.735 3.58921934645e+12 339.593441795 75.9454509459 17.1321247838 28.9449734746 20090503.13390922
-3381576.37266 4210062.59977 9.827 1.84077200147e+11 326.55619234 78.8042180284 -19.0186953644 29.6698682841 20090505.05514485
-3377470.63703 4209611.4879 17.242 1.07151930524e+12 13.3225186356 89.1180886455 -3.28756352366 31.1501065349 20090507.04474182
-3377418.19438 4209713.34988 17.196 1.04712854805e+13 2.7602084611 89.4085172795 28.8428085609 27.8331482795 20090507.17200289
-3369713.27021 4232205.14365 17.658 3.19889510969e+11 87.5458140659 48.1770310713 161.384758178 32.290437698 20090508.00512101
-3383669.28679 4227877.41371 17.644 2.34422881532e+11 238.913366661 80.9082046984 175.586551396 28.6842845054 20090508.01102171
-3383130.72934 4227776.28335 17.845 4.84172367584e+11 66.2891240243 89.2190798272 -173.748281757 29.3128550523 20090508.01143438
-3382997.199 4227814.55939 18.016 5.01187233627e+11 84.8975023948 84.7312668339 -173.675337958 28.878612604 20090508.05212014
-3335570.07592 4243145.99168 19.438 1.01157945426e+13 166.33115269 88.2661580071 6.88402432804 28.2894301374 20090513.08594017
-3383176.0561 4234639.15236 20.048 2.08929613085e+13 348.885477629 57.4574313436 -3.20825511436 26.3397413909 20090514.06543160
-3373791.66863 4229491.81242 15.164 1.84077200147e+11 341.725293303 75.8247065796 -18.8655985997 29.7498780224 20090520.04013200
-3364599.5562 4216150.1126 14.69 2.917427014e+12 350.593015333 83.5721379363 8.43261218171 30.7463434203 20090520.07362301
-3375743.84696 4167437.05376 6.552 8.41395141645e+11 90.5818615189 70.1994214709 146.601648617 29.4147459023 20090524.05432476
-3363876.94161 4229367.32735 7.842 5.2480746025e+12 322.61583927 89.6299148318 18.9907937609 32.3561246246 20090525.00111391
-3381757.8091 4270058.8903 12.875 5.82103217771e+12 166.091233324 50.9099989666 -15.6416056482 28.7439148141 20090525.01421310
-3373635.8322 4181885.49794 12.677 9.01571137606e+11 162.145231576 81.6348937666 -11.0265257427 27.8232291311 20090526.09570726
-3377426.62569 4213395.93218 14.386 3.34965439158e+12 89.3904409261 67.7574284467 -178.261390128 30.6932941385 20090526.19252812
-3363074.57593 4175284.47459 9.489 6.91830970919e+12 71.8773067076 82.6494771106 171.181368122 30.5543251125 20090601.02575824
-3332439.2511 4232067.51383 14.979 2.98538261892e+11 116.507959717 85.7986730572 161.239932914 29.9195219597 20090604.06080148
-3365189.86941 4198486.08879 8.574 2.37137370566e+12 136.516252438 70.2474709329 -39.2031958814 28.4360825999 20090608.08244475
-3388685.31094 4228905.16471 15.389 3.42767786546e+11 97.4974909741 51.8295428834 -155.294767409 28.3686794017 20090611.05182680
-3377333.55875 4210121.66662 11.027 2.04173794467e+11 160.934221059 59.948116192 -58.972944023 31.7038470384 20090613.11033105
-3367649.84687 4200535.70084 10.995 2.11348903984e+11 23.9984717261 69.6812436902 -146.958239754 29.4460884205 20090618.05111642
-3382746.36445 4240417.12377 16.065 6.83911647281e+11 140.674647528 69.0743143964 -2.43940079271 28.1832145045 20090627.11593467
-3374456.00031 4250078.40119 17.688 2.34422881532e+11 176.020055145 71.3759745905 4.09181011796 28.8919971493 20090628.23425228
-3364613.78106 4253023.2923 18.413 2.98538261892e+11 147.781744284 66.4591989844 22.741884822 32.370610177 20090630.19542664
-3369395.63034 4190796.64425 15.313 2.45470891569e+12 347.224594673 79.9900216844 -4.65793277969 30.525633654 20090701.19362780
-3364984.98067 4091091.78573 19.327 2.42661009508e+11 3.45459147769 38.7809728488 -38.6255228283 33.4386587904 20090708.04184939
-3380913.29769 4224348.95676 14.345 6.23734835482e+12 85.1408303219 73.544970401 -160.326668608 27.0949440033 20090708.07251117
-3373727.81062 4216935.72971 15.252 4.95450190805e+13 172.429523578 85.6498751139 10.605013371 29.7107567646 20090710.10303064
-3373505.89515 4217139.08267 16.327 5.75439937337e+11 346.30211554 80.9757108132 -49.3065442157 27.7920176547 20090711.03063452
-3372269.42511 4225449.44921 13.33 2.37137370566e+12 191.477175551 63.6921694558 31.0045349185 29.5524528426 20090711.23270536
-3360428.94083 4221451.98911 13.273 2.42661009508e+11 339.375920382 50.7585322538 37.3222161269 32.5971846442 20090716.09245877
-3386457.53933 4233217.28627 15.528 5.95662143529e+11 350.410416284 83.4059763615 14.3809042649 28.2213663953 20090719.06334882
-3373739.36797 4252176.83424 18.844 4.41570447353e+12 94.3640780773 69.7129110295 -179.023369547 28.1020762342 20090719.16401255
-3375437.27153 4211410.95245 11.52 2.98538261892e+11 73.2862036511 72.5910805391 159.294076514 31.8589424988 20090720.11562458
-3375333.96472 4211400.8122 11.151 4.3651583224e+11 173.901491732 81.2819124971 -3.89218729193 29.3868708769 20090720.13130548
-3379328.26296 4219721.22379 15.383 1.10917481526e+12 86.6699353418 57.581341871 -167.505192005 28.7468650052 20090725.05552707
-3349868.63311 4183974.3998 15.424 1.90546071796e+11 234.944560688 74.8870366569 -179.593835425 30.5064691204 20090801.19571250
-3374197.41604 4204672.54486 10.975 3.42767786546e+11 280.339636203 86.9969297475 -172.781285452 30.2838725844 20090803.08431946
-3365739.27899 4201372.18441 11.331 7.32824533139e+11 251.434274999 75.6650372873 168.543033597 28.0764137474 20090807.06443872
-3384605.20339 4230234.67122 15.282 3.54813389234e+11 51.8844770621 66.3374946629 -173.626502748 29.0695720525 20090812.12435036
-3374249.28036 4216452.43151 16.431 1.62181009736e+12 50.5705137609 74.2911698214 147.834486422 29.7564214918 20090813.07071000
-3374243.04875 4216451.29569 16.554 1.41253754462e+12 51.7710625462 78.3966050583 151.543841358 29.9502126941 20090815.18302787
-3373957.39344 4216511.41445 16.418 1.01157945426e+13 309.252567087 75.2481567422 29.2452991157 28.3822315829 20090818.10344135
-3400403.6641 4274893.55762 6.748 2.88403150313e+11 217.023799798 48.2323690705 164.299199269 29.5369698681 20090821.21495884
-3369988.02066 4261516.01701 13.36 1.73780082875e+12 66.6243414808 89.0985620182 150.415092906 29.9470768408 20090822.19561364
-3365032.41596 4199027.1022 9.844 6.16595001861e+11 102.775640967 57.3642313436 -68.8542862369 32.9621495956 20090827.10431435
-3365623.23333 4199315.81406 8.694 4.73151258961e+12 339.127001836 82.8019258233 30.7995625365 28.9980553358 20090828.01473157
-3353937.9518 4234263.31604 16.207 2.11348903984e+11 284.508235153 79.704748365 -174.19315168 29.2720955461 20090829.18135124
-3372908.76745 4215173.48169 16.583 2.29086765277e+12 165.441971575 73.6113525904 -34.3050262046 28.9459666451 20090901.23453520
-3379475.61817 4219731.11083 15.278 2.69153480393e+11 84.9994630041 57.9295009339 -171.399864308 27.9307390707 20090906.11033021
-3373003.69141 4214978.96125 16.061 2.917427014e+12 263.679472587 60.7971063018 -170.673173281 30.2170277616 20090907.22171467
-3372962.63261 4215139.90409 16.61 2.6302679919e+12 162.882710035 70.5924062807 -47.894458266 31.0062753772 20090907.22333232
-3372901.94203 4215237.66724 16.594 6.02559586074e+12 170.427398764 82.0985475011 -24.4218409409 29.2199602236 20090908.19204511
-3344967.10332 4171636.91435 12.806 1.90546071796e+11 356.403007969 74.7473800841 109.479714994 28.4472188008 20090922.06480031
-3372670.28853 4215227.39226 16.411 6.23734835482e+12 52.4371653989 82.3992948614 146.058436961 27.6130080804 20090925.20122664
-3372691.19089 4215358.8557 16.565 2.42661009508e+11 347.621148484 87.1172208418 -38.7359481113 30.8231403984 20090928.06590325
-3367920.26024 4224499.08525 10.697 8.81048873008e+12 24.0668038936 60.478168528 67.7776025124 30.7201961035 20090929.10035682
-3372768.07411 4215323.5852 16.575 2.8510182675e+13 345.344864462 82.5124291776 -51.2283878792 29.1051004373 20091002.02524088
-3372752.02107 4215342.98495 16.424 3.80189396321e+11 159.327487716 69.6796568344 24.2356279568 31.6710267001 20091002.02520848
-3384032.76174 4213361.34374 11.33 3.31131121483e+11 236.639934239 84.6551876529 163.393436405 29.5923307967 20091006.03233370
-3384587.21103 4230106.38607 15.07 4.21696503429e+11 170.75547643 83.0204130643 -12.0883968687 28.0497466731 20091006.21452330
-3384018.18204 4213380.21864 11.387 2.54097270555e+12 331.472272617 62.9293619023 -44.7087235843 29.4592670065 20091010.18063611
-3372291.36834 4215178.29625 16.331 3.42767786546e+11 157.944344811 70.0631080317 23.4259609358 30.1560937391 20091011.17092016
-3352600.57846 4267155.56934 15.304 5.18800038929e+11 170.659997014 89.9773843415 -21.3875103512 29.1745625897 20091015.12050997
-3360576.69708 4081974.67222 23.158 1.99526231497e+12 277.285557484 88.6520288882 -179.489575785 31.3077786678 20091017.16502805
-3360481.67448 4221409.8728 13.26 6.02559586074e+12 215.33952887 55.0498072124 130.69177248 29.3239714257 20091019.06015163
-3386291.03902 4199092.79216 15.791 3.31131121483e+11 161.02540524 81.8551122783 -50.1156390579 33.4463765152 20091023.21222500
-3367074.76542 4162762.6444 3.013 7.8523563461e+11 263.078610818 82.1284148672 160.489066046 32.7181411051 20091027.00011134
-3362814.02103 4184812.63722 14.983 2.6607250598e+13 47.944394489 81.9526955593 177.056780753 28.015122572 20091109.13590339
-3376296.55349 4211886.16963 12.619 1.92752491319e+12 267.032701232 52.7115896514 -22.7152384319 31.082812169 20091112.01170136
-3368456.73537 4212209.74393 12.011 2.917427014e+12 4.08438606185 83.854132536 24.6274395907 30.7693503017 20091120.13040185
-3391333.14261 4112253.03594 15.411 4.67735141287e+11 119.152854352 70.1168605315 42.0615457757 32.2349884168 20091123.13220865
-3377940.95909 4214055.97714 8.576 4.21696503429e+11 270.427987255 51.7644356607 168.583935652 31.2018318256 20091205.17000368
-3368415.93658 4212252.1618 11.774 3.27340694879e+13 261.891536383 80.4096378534 -82.2159624715 36.7279000338 20091207.08121593
-3363352.62714 4173907.44585 9.7 1.1481536215e+12 270.081912695 89.6638906927 -102.076591716 30.0817090584 20091209.19393724
-3363377.92666 4175948.43692 10.881 1.03514216668e+12 46.9832385545 88.3623527562 52.3406259882 34.9713415517 20091223.23183128
-3358644.21142 4177173.83318 11.82 4.89778819368e+12 358.545068478 72.9911030435 -65.4714169692 28.3121690187 20091225.13562023
-3374018.19894 4213208.92152 14.413 1.16144861384e+13 270.291685178 57.6018870815 174.316373777 31.2540374556 20091228.14282614
-3363218.16772 4184876.93511 14.807 1.92752491319e+12 179.209050307 60.1009920684 35.0670448863 29.2686391582 20091229.10115178
-3378989.55532 4205168.72155 9.16 2.26464430759e+11 270.697259221 48.1232851699 160.278137244 30.3529163444 20091230.15101239
-3362659.70308 4174227.70975 6.503 3.2359365693e+12 63.4351899474 84.8601493011 174.814362235 30.3609835741 20100101.17065015
-3377771.36517 4203226.59609 3.963 4.07380277804e+11 270.130672941 49.3705983834 159.978105117 31.8063050427 20100102.16342464
-3377736.9966 4203276.7221 4.012 3.71535229097e+12 266.799749987 53.3673717168 155.249045965 31.662032681 20100104.10022448
-3357510.08307 4174449.21213 9.093 6.60693448008e+11 59.7835685007 55.469293722 126.414897437 30.1669235408 20100107.13044249
-3357694.91167 4174045.44966 9.069 2.18776162395e+11 76.3922204062 76.2003415682 -177.398488428 26.2764875717 20100128.16074085
-3380777.98317 4225200.89429 17.824 2.88403150313e+11 289.25409619 63.4080708337 -127.450358929 31.3462688289 20100128.16352055
-3394972.45979 4150119.39607 7.722 2.60015956317e+11 68.5336737166 38.8365750997 -175.220772451 30.838493565 20100131.11473460
-3357871.9892 4174925.50677 8.307 1.28824955169e+13 276.701256122 86.6501551063 165.157849061 25.8735368498 20100202.09011574
-3377454.73309 4206866.50979 13.72 1.97242273611e+11 179.329165573 34.9736965003 7.10994705373 28.074187458 20100206.08445324
-3377477.44396 4206851.67853 13.754 2.51188643151e+11 183.059340515 32.3588909031 -14.4378401806 25.7422804689 20100206.18565070
-3378385.63971 4160900.96498 3.927 2.88403150313e+11 169.75213572 86.9418197098 -16.5628885577 25.7919907262 20100209.08504439
-3379738.74556 4220166.04437 15.711 2.51188643151e+11 54.2384165166 73.8619966701 156.215020842 29.4010793929 20100211.21500950
-3367430.98332 4190395.77358 11.838 3.93550075456e+11 179.597763869 61.6683462772 -25.3997560762 26.9423955305 20100213.11364332
-3379647.13689 4220120.63451 15.673 9.01571137606e+11 67.2962495179 65.2025790069 166.4456481 28.1689809343 20100217.07212819
-3379667.56035 4220142.68854 15.689 5.43250331492e+12 74.8694957262 80.5739388906 171.560837674 27.9786020539 20100217.07285586
-3379057.6648 4221137.65585 16.394 6.16595001861e+11 171.462950136 77.5068320015 10.9693730295 28.8244792272 20100217.10035892
-3369495.48161 4173220.15734 7.533 2.18776162395e+11 85.0118543122 88.9909729852 -164.273524478 26.4842660426 20100226.01301390
-3393156.61645 4214343.18287 13.813 1.41253754462e+12 67.0055675269 45.3130008872 174.353356161 30.3715320558 20100227.08061433
-3393194.60689 4214383.64518 13.829 7.32824533139e+11 183.239240159 80.123809234 51.023671944 27.0916150105 20100228.10183377
-3376160.7573 4212730.84173 16.119 2.11348903984e+11 72.3458510074 83.3692904837 125.007460688 25.0631552686 20100228.16350988
-3342746.37428 4206693.78272 4.818 3.42767786546e+11 54.180202001 77.5487700875 130.2499708 30.0053933075 20100228.23425893
-3382575.40941 4214457.67195 13.48 3.31131121483e+11 158.386540805 65.0730582138 14.7088864035 28.5076939476 20100302.07393085
-3357665.02979 4174034.633 9.112 1.51356124844e+12 255.426633584 68.5833233515 177.533739853 28.4626775068 20100302.13323559
-3342596.50739 4165342.7922 8.28 3.09029543251e+11 79.0902741765 50.9642831447 112.614428019 29.6491943789 20100304.04454246
-3379617.83201 4220053.88516 15.674 8.70963589956e+11 166.528835534 63.7248753473 28.2734822247 30.7950455303 20100314.01231862
-3382060.42315 4226454.64085 19.131 2.45470891569e+12 56.0951017185 70.9545360932 166.319661342 30.0606752763 20100322.13054915
-3393178.0639 4215904.65636 12.579 5.95662143529e+11 70.6747037173 33.1256063252 172.029040507 30.0621801423 20100325.04494674
-3361250.0713 4177986.97134 9.885 2.04173794467e+11 181.33571994 66.0848646034 77.3160715644 29.2159741811 20100329.10365117
-3387489.49406 4213269.4499 12.962 5.18800038929e+11 108.254244967 87.5647363825 179.322912172 30.7940518831 20100402.16042060
-3373961.24563 4167007.48047 4.572 1.07151930524e+12 345.165762498 62.5294020766 -18.4394782753 23.4090655093 20100403.07224735
-3383526.13931 4212758.29266 11.185 5.01187233627e+11 232.640545267 45.1505940438 168.579034812 29.7565337638 20100408.10063094
-3372840.56692 4203041.82556 14.58 1.10917481526e+12 142.587657269 77.9589414491 -16.0285755119 25.3257608167 20100418.17373660
-3368003.71157 4210848.30774 18.008 1.10917481526e+12 205.977118574 85.079859289 -14.1527178433 32.1358171681 20100509.10525761
-3362020.35682 4182582.97804 12.738 2.34422881532e+11 176.438474244 53.6175116261 37.8534157721 29.7950273473 20100526.11370372
-3357428.0241 4176158.40664 11.135 1.1220184543e+13 72.5921892764 46.7703885375 -158.945398751 30.0969042196 20100529.20255664
-3357335.49994 4176111.05193 10.905 1.1220184543e+13 72.9301211377 53.7198206716 -166.557028741 30.2505722937 20100530.16123117
-3357446.44136 4176080.22398 10.977 1.84077200147e+11 286.63422536 79.7109304174 -157.226284736 30.3297659198 20100603.07090665
-3380790.48128 4207384.70947 12.519 2.917427014e+12 288.699081556 74.3272592991 179.247272109 32.5609252959 20100619.20073988
-3362535.67851 4212989.93755 20.048 1.73780082875e+12 174.146241416 46.3137193027 46.1918602461 31.1451198959 20100627.09114339
-3357614.84202 4176206.39785 11.091 5.82103217771e+12 89.6504330693 73.7800829159 164.781073451 26.8091917484 20100702.11265389
-3357567.99764 4176228.48835 11.158 3.93550075456e+11 184.556054144 67.3894995485 -3.32260706473 30.1127676605 20100703.05263475
-3389262.91774 4152902.48266 9.821 1.73780082875e+12 272.123636216 74.3850500448 -155.957465391 30.5009921758 20100703.11292544
-3391670.41363 4203810.48085 0.856 1.67880401812e+12 162.422858305 38.4480944521 -165.410481829 32.5097074496 20100706.19245407
-3376630.54617 4170658.77568 8.144 3.93550075456e+11 156.400746706 63.6525528508 33.515641096 29.7380056584 20100712.02515403
-3357913.20019 4176320.98445 8.316 7.07945784384e+11 57.5466666539 81.4666678892 -177.225273122 30.5680963174 20100713.06535152
-3380459.63439 4207893.42822 12.363 4.12097519097e+12 325.371197323 29.2018689074 -67.3713955246 30.0173748188 20100713.16390401
-3353610.13211 4118847.37365 4.364 7.67361489362e+12 150.980594966 89.3489894643 -0.645200683493 33.5041550003 20100724.11572644
-3380312.07562 4212033.07376 13.375 4.07380277804e+11 290.390950762 55.306479898 -159.486210225 32.1012369391 20100725.02000042
-3380316.56266 4212036.15611 13.395 4.67735141287e+11 290.390950762 55.306479898 -159.486210225 32.1012369391 20100725.02000042
-3343155.68913 4160424.70762 9.308 1.86208713666e+12 180.447635952 77.9769176324 3.14747694706 30.0248768423 20100729.18502376
-3357371.8951 4176196.45294 11.08 5.75439937337e+11 287.189393981 83.9536867946 -148.1867533 28.0550870338 20100823.17000165
-3367254.67403 4206996.72275 18.365 2.54097270555e+12 208.792997169 88.6981480991 164.54558108 32.185110543 20100904.04240528
-3385203.72498 4158053.08822 9.217 1.77827941004e+11 228.184105836 82.9104152454 143.825592867 30.241168332 20100908.21503979
-3392376.76856 4147189.92009 11.686 1.67880401812e+12 152.689838933 82.6308834551 82.1402959153 30.6048173524 20100910.05301910
-3379797.829 4204512.00002 4.884 3.80189396321e+11 134.732691921 61.998595035 -79.8976110051 31.5494394862 20100926.07503477
-3377854.59994 4158485.36156 6.851 2.917427014e+12 337.342040077 70.7803345342 11.6512333807 28.2728839208 20101002.22123584
-3377334.4086 4162134.87169 6.344 1.84077200147e+11 357.24692343 64.3654581528 2.90453911293 31.4614748407 20101009.20522928
-3361066.3144 4204242.34297 7.482 3.19889510969e+11 143.93481013 59.1341841973 -57.2791823769 32.8901531458 20101014.19570521
-3357207.81295 4176019.04251 11.199 7.58577575029e+11 180.514755434 85.2096232408 0.747904423492 30.8840590231 20101018.11145167
-3357235.63411 4176085.87104 11.094 4.51855944375e+11 71.1653599524 57.2005591681 135.683999245 30.3176295313 20101018.14150893
-3363644.78897 4171575.86057 7.636 9.6605087899e+11 255.151514015 78.9044451972 151.369153916 30.2692322814 20101025.06064282
-3360493.62637 4176320.66907 10.442 3.19889510969e+11 129.401675344 51.8756265581 -122.947928043 31.1699683987 20101025.07122042
-3380110.99596 4204858.01925 4.559 2.60015956317e+11 283.529218836 76.4223780721 -177.03635785 32.5215645638 20101125.20015871
-3367288.21633 4194452.57012 13.017 9.01571137606e+11 253.893636761 66.9980526129 168.55107905 30.1127846909 20101126.11073567
-3363356.97966 4174983.48282 7.834 2.51188643151e+11 192.091947899 47.153340771 50.793571149 30.1675916917 20101205.14551092
-3365520.44861 4091393.60615 21.229 8.70963589956e+11 326.732675756 55.629869664 37.729304187 34.507419902 20101210.18554006
-3367495.25805 4164894.17216 8.176 5.01187233627e+11 47.4368622782 58.9074970203 88.810376636 30.6574510293 20101223.03104246
-3372982.6169 4157227.80633 7.843 3.31131121483e+11 255.808639648 13.9754934795 106.248811042 31.4727975856 20101223.04233992
-3367427.11188 4164761.97619 8.651 3.34965439158e+12 38.0313281374 57.4968402262 95.1947258997 30.9356463789 20101223.09151216
-3366447.97029 4163252.25292 9.162 5.2480746025e+12 230.829932458 31.519391844 92.8065177147 31.208830533 20101229.03024468
-3344107.16795 4206421.50331 8.088 2.6302679919e+12 162.892956557 65.213680972 33.259560067 32.1998131381 20110114.11233457
-3357554.44078 4174463.65627 9.079 1.03514216668e+12 171.521837574 75.0405362082 20.4640457159 29.6288429108 20110115.09443831
-3358030.17587 4205272.66481 11.517 2.29086765277e+12 155.718373442 43.3255853545 1.92304741302 32.5915624909 20110117.08503900
-3374161.5049 4156310.91323 7.187 2.29086765277e+12 0.96619777009 62.4239209538 -3.33650471237 31.1809401173 20110120.00070094
-3372388.18795 4185321.28021 12.797 1.23026877081e+12 188.289406782 64.6989612423 -2.29837474519 27.9608909386 20110122.14065977
-3360618.18156 4181931.88421 12.851 1.79887091513e+12 76.8364155217 66.3082158903 164.031763978 28.7016986006 20110130.17095564
-3379171.34254 4175152.71573 8.288 1.99526231497e+12 36.5693394163 59.9051076762 144.372105988 28.0173349089 20110203.00043135
-3360529.41774 4182032.17416 12.753 3.84591782045e+12 354.417754156 85.4221302506 -6.36293117315 29.3010485064 20110204.12380916
-3357667.71773 4205613.45181 10.915 1.67880401812e+12 146.557214525 79.5590724112 -13.204777977 29.5379390447 20110210.21594217
-3357667.73762 4205600.68823 10.849 8.70963589956e+11 156.624139998 44.3476623032 2.11029282378 32.8127911643 20110211.06083434
-3374733.79141 4204685.1855 15.232 1.05925372518e+14 137.150760909 84.3396658499 -0.830728850805 30.7600548575 20110211.12003793
-3374904.10918 4204776.48627 15.501 3.71535229097e+12 128.495148947 66.3324440464 -34.8780257278 30.8034909343 20110211.23072164
-3384882.31356 4166288.68815 5.86 4.07380277804e+11 76.5808410124 56.9974346738 -133.205368461 30.9687129323 20110226.17334547
-3392179.17062 4138874.79726 7.738 7.8523563461e+11 92.5877552208 54.2105445344 20.628929927 32.7674751927 20110322.01154739
-3357852.30534 4205583.76004 6.979 2.18776162395e+11 44.5371667137 82.3235110149 -166.770562399 30.5042950468 20110324.19451498
-3370710.08762 4152537.90552 3.257 3.67282300498e+14 345.354886001 55.4568568596 73.4549933058 29.9794121786 20110327.22540724
-3370811.33904 4152733.4376 3.429 2.60015956317e+11 166.492608382 50.9084151472 93.2695427181 28.9146290088 20110328.02271418
-3370907.83142 4152720.95699 3.555 1.01157945426e+13 151.241996544 51.2667887568 84.4459756369 27.1599164002 20110328.04040558
-3377486.10384 4164437.83558 2.542 1.07151930524e+12 74.4913026847 42.2704325922 179.148818099 30.2841184673 20110328.21204488
-3382971.65095 4137866.24827 5.945 3.54813389234e+11 221.594198846 89.9158898393 -130.656423654 31.413564646 20110329.20152355
-3349171.08247 4164815.35486 10.163 6.53130552647e+13 307.216815174 65.9168179445 -1.83007476527 26.4283645259 20110406.22472446
-3377926.90983 4178550.08198 11.921 3.09029543251e+11 351.119704806 86.7274973386 -3.95802969643 32.6386162567 20110407.19143860
-3387940.48259 4214237.12156 12.726 2.88403150313e+14 358.138877726 83.3233971905 59.9832790486 32.317587501 20110420.21174865
-3374614.83307 4204704.39548 15.486 1.36458313659e+12 273.279814246 48.3842117515 165.719330857 31.0589878614 20110424.22231746
-3353481.74148 4169603.51638 7.352 4.84172367584e+11 305.433391786 75.0642972764 -169.810426791 27.1554424006 20110502.12485511
-3374860.93433 4204730.81974 15.267 4.84172367584e+11 311.609549649 89.939035783 -10.8960053403 29.4427823524 20110518.06194307
-3374956.46418 4204674.6687 15.184 1.58489319246e+13 312.458658811 87.5816984456 -11.5372907349 28.3130273275 20110518.11112201
-3343523.85474 4208237.78833 7.291 4.51855944375e+11 163.460317605 73.2146158727 36.3843870949 32.8084397784 20110520.14184227
-3374560.94682 4204779.57616 15.708 5.75439937337e+11 287.647723265 84.4507492863 1.29747440473 29.8024973879 20110522.19584247
-3372470.63374 4202992.8337 14.72 5.3703179637e+11 161.474870052 89.0069977694 15.6160894636 29.4371466437 20110525.11111071
-3372436.31584 4202983.74083 14.542 1.3803842646e+13 142.30942004 69.791728356 -32.7469388545 28.8823625623 20110525.14435007
-3372490.37743 4203003.13675 14.718 2.69153480393e+14 130.083692284 67.7786337778 -54.8490745817 29.5067982659 20110526.04555715
-3374561.57616 4204567.00121 15.934 1.18850222744e+12 272.518878682 48.9413678291 164.704966861 29.7494187617 20110529.06152196
-3358596.2008 4178408.5459 9.543 3.2359365693e+12 165.084599756 70.9440356945 24.0562843369 30.3596275824 20110530.14430951
-3372244.23844 4203000.72577 14.548 1.53108746168e+13 314.09583228 82.3230611175 -10.7735108701 29.0193819684 20110531.03111375
-3332616.18486 4189839.09443 0.707 8.81048873008e+12 356.890235947 60.4501995336 17.409618624 31.4908762586 20110612.06314067
-3344257.65879 4209089.9196 15.82 7.67361489362e+15 323.101887009 79.5948999475 0.524410152888 32.3283534186 20110614.04162535
-3345568.48015 4209050.04413 10.239 6.23734835482e+12 256.587943305 89.701929602 176.756521406 32.7926078374 20110614.04571041
-3345786.73269 4208447.49859 8.929 2.60015956317e+11 48.0248654811 42.7218002907 142.081233966 42.0050595352 20110614.10574371
-3345871.0877 4208398.63981 8.265 4.07380277804e+11 45.0614346204 76.894974032 -170.04230456 30.4700712652 20110614.11053128
-3345776.91773 4208335.19997 8.897 5.6234132519e+12 225.696581982 78.9347519801 122.210270669 32.0959138113 20110614.15143710
-3345423.74368 4208513.55267 10.906 4.78630092323e+13 45.9458513084 78.3625554747 -172.483553041 30.4998354042 20110615.10015385
-3345485.44877 4208557.72853 10.513 4.51855944375e+11 312.252521199 79.6075337718 -12.5429327864 30.4884036568 20110615.14373572
-3345691.30526 4208941.38001 9.354 1.56675107011e+12 256.292584183 89.3019071478 177.157514114 32.6756124181 20110616.21223821
-3346022.92994 4208329.06601 6.878 2.88403150313e+11 42.9941681777 37.1481020874 136.887231255 32.3722127339 20110617.07215417
-3345994.4006 4208550.87956 7.134 1.41253754462e+12 165.882498967 67.8300601067 50.5465246818 32.5627051761 20110618.20512885
-3379024.03091 4160195.07792 6.305 4.3651583224e+14 271.990294896 45.3575886329 -159.73336933 29.1236974644 20110629.07434342
-3345690.80125 4208689.88375 9.635 2.04173794467e+11 48.0149734264 44.364844223 141.228698282 32.2599107407 20110701.15502273
-3347027.45216 4083309.27191 19.423 2.37137370566e+12 72.3129257364 83.0577257031 -176.342471556 30.547807806 20110707.18190182
-3368272.25945 4142603.47377 4.427 3.80189396321e+14 233.079832589 20.4636058803 146.949430814 33.6695524684 20110708.00433178
-3346953.57729 4083314.85372 19.387 3.16227766017e+13 350.204952156 89.9823156971 -10.6915444284 30.0211870984 20110709.20144811
-3376297.37729 4155744.75745 2.277 3.09029543251e+11 178.433495098 66.3463109306 18.6575083667 31.036372392 20110725.12305118
-3364648.00476 4193339.78424 13.718 6.91830970919e+12 309.046326535 24.2949256654 -69.6312263429 30.9281141903 20110727.00353647
-3372768.07776 4204748.32441 16.089 5.3703179637e+11 314.588959666 88.9596149102 -7.74623240355 28.4151882841 20110730.02103281
-3372831.14064 4204705.1448 16.036 1.18850222744e+12 312.573122644 78.9062304394 -3.82034167724 28.7770282555 20110730.02353392
-3372701.32995 4204723.2589 16.112 2.1379620895e+12 315.038636935 88.7940299593 -5.49726016256 28.2573278329 20110730.14443868
-3372874.39348 4204715.55567 16.164 2.26464430759e+11 289.654277742 88.5078551137 -3.72850438125 31.4383436261 20110730.17423871
-3372897.26159 4204673.60614 15.928 4.07380277804e+11 289.187018543 88.1294657471 -3.0624744802 31.6686168699 20110730.18562016
-3382097.35459 4204319.66494 12.281 7.8523563461e+11 340.059500723 41.9848481932 -57.3539162379 29.2078524215 20110730.21223224
-3372780.04311 4204702.03875 15.965 6.38263486191e+11 314.793390512 82.3753517645 -4.5471167622 28.6624476824 20110731.14245935
-3364766.86277 4193336.55454 13.887 5.01187233627e+11 357.561749851 45.6353125438 -19.4989866002 30.1998330798 20110801.22364593
-3372759.1629 4204727.74317 15.984 6.60693448008e+11 290.276845064 88.2273144387 -5.75827845072 29.8367600723 20110802.05472987
-3358578.65173 4178402.91429 10.048 2.69153480393e+11 343.668310007 67.8393717239 16.9967652494 32.2622050228 20110803.17263692
-3377104.60161 4191803.69165 14.674 2.72270130808e+12 345.739589313 73.1371953944 37.2897384872 31.3392013266 20110805.16551316
-3383615.7059 4184532.56254 14.349 5.01187233627e+11 102.084020322 22.5399848909 -135.326150476 28.9703813309 20110808.17341574
-3378144.7433 4178905.70176 12.089 5.95662143529e+11 86.6223133544 84.7225686332 121.787867247 30.4858996037 20110809.05052967
-3374722.51902 4204771.90265 15.641 2.06538015581e+12 132.192384768 89.1211473257 8.70748422646 28.1819127075 20110810.04504257
-3376267.58818 4155799.25762 2.217 1.99526231497e+12 57.6544425805 68.290229226 173.6813949 28.9208136574 20110810.08265911
-3374728.50786 4204697.59685 15.808 2.21309470961e+12 287.609164186 84.9967189499 1.16610895523 29.697608186 20110812.08220453
-3376246.15447 4155818.02925 2.156 8.81048873008e+12 191.151581572 79.05969224 5.61624522309 29.2815943529 20110814.00051475
-3345659.34196 4209058.44721 9.812 4.89778819368e+12 45.1793698181 77.1895769815 -170.151300317 30.1463133559 20110815.06552107
-3374632.64789 4204763.06058 16.347 1.07151930524e+12 196.780325456 85.6392911032 175.123804274 29.9484237848 20110817.00560041
-3374443.58968 4204713.39871 15.786 3.31131121483e+11 287.955009982 83.8203813559 -2.21791968987 30.5321941768 20110817.01372201
-3374767.93653 4204863.9754 15.898 2.08929613085e+13 287.347070825 84.9111892652 2.1568203368 29.8150857846 20110817.20530924
-3379621.80968 4158642.73894 3.168 6.60693448008e+11 136.133026109 88.139782775 -31.9093914246 31.798754546 20110823.02494188
-3357723.11196 4184444.52401 13.927 1.79887091513e+12 343.180072767 80.2485689241 1.01037934283 29.0420672237 20110922.08361553
-3380271.24283 4161701.89848 4.089 4.26579518802e+12 69.9453367812 85.2917295983 178.791442311 29.1533998995 20110925.10165604
-3358089.60539 4175932.07931 8.8 1.41253754462e+12 74.5189245752 77.271659152 169.174845742 30.1604955628 20111022.23404397
-3348420.86129 4175792.3267 12.213 4.07380277804e+11 150.806078799 81.0808756151 -4.78960369341 30.2898984139 20111023.04385761
-3383334.03581 4214044.84681 13.654 7.8523563461e+11 284.026000385 71.6111396204 -168.043909858 31.4543585149 20111102.23565100
-3357987.33482 4175873.38505 7.88 3.09029543251e+11 224.057202487 80.8408653866 -173.718977495 30.7969990789 20111111.03593046
-3357554.39747 4205847.40073 11.165 2.917427014e+12 179.290381319 64.6620148814 32.4696020421 29.9449186262 20111114.23491794
-3378875.02021 4210402.8985 14.957 2.21309470961e+12 14.9423842587 85.7001997939 11.737983141 31.857022975 20111117.04095820
-3380549.80693 4213194.18166 2.328 1.27350308102e+12 211.772984098 40.4992698747 -118.392837051 33.9540509799 20111121.03230272
-3378300.91656 4171620.56875 4.065 3.93550075456e+11 234.964771933 81.6139794926 -152.937833285 27.7865096095 20111218.10360078
-3358139.42728 4205744.65937 4.333 2.60015956317e+11 306.701062755 73.9134310684 -1.66834655262 30.4356346357 20111228.09422816
-3382356.01914 4214921.50568 13.729 4.31519076828e+13 138.073680408 34.2384866515 -24.3914487973 29.574687575 20111228.16412283
-3358060.67908 4174982.7564 8.037 4.73151258961e+12 178.635412363 57.060439665 45.3988005604 29.3317772747 20111229.07301832
-3377790.46653 4178892.51022 8.004 4.73151258961e+12 179.71347436 32.5345454213 -10.2857657254 29.6274638963 20120106.00472996
-3374047.77495 4218497.67498 4.454 6.68343917569e+12 348.958805605 40.0458980662 -103.395562568 30.4234143888 20120114.04541887
-3374118.47519 4218342.55562 4.545 1.16144861384e+13 269.205432279 66.4537878548 174.351187184 26.5607657713 20120119.16512123
-3374120.45122 4218298.95254 4.49 5.3703179637e+11 287.996886173 72.709321545 179.196983772 30.4639309992 20120119.16523260
-3367369.02342 4200656.44205 12.405 8.70963589956e+11 107.172287491 61.2806189168 -121.511542322 27.6951098545 20120120.08473064
-3371029.51123 4209585.82248 10.225 3.54813389234e+11 234.135979265 81.5391074811 -154.485583093 28.6320161773 20120120.23462160
-3374227.89732 4219213.94525 5.816 1.92752491319e+12 178.876604008 66.3505488712 19.2044962459 26.4029542519 20120124.04411612
-3353248.9632 4167647.01221 6.107 5.01187233627e+11 247.172057156 42.5290758557 82.6538580787 28.6136311155 20120125.15492216
-3381317.06932 4221045.45307 11.026 6.38263486191e+11 286.515764665 74.2954566164 -168.531034474 27.7573761709 20120127.04062507
-3374384.19526 4218777.54711 6.243 2.78612116863e+11 183.302104556 63.3111312597 27.961549796 30.6823652312 20120130.07194220
-3381357.78735 4221034.89485 11.031 5.68852930844e+13 286.735136937 83.8575744391 162.935827527 22.0552036387 20120201.13335910
-3364983.62158 4202652.65602 11.926 2.06538015581e+12 320.73300409 84.2807626473 4.93485191894 22.3103220506 20120202.03202557
-3340749.29845 4204447.41799 6.54 1.1481536215e+12 182.635472568 38.9398389393 -26.8707811888 28.9808247129 20120202.16243764
-3365050.77635 4202610.82542 11.847 6.60693448008e+11 251.527525923 34.025834263 144.601332577 27.8802740118 20120205.02424496
-3368908.86244 4227101.58681 8.964 1.41253754462e+12 37.5113095121 28.734714707 34.5356197289 28.2598575358 20120206.17005229
-3366550.47296 4230883.27257 10.41 4.62381021399e+13 253.921098006 80.0343601511 173.075588225 22.543998969 20120213.13261575
-3372046.04074 4222315.85195 11.547 4.73151258961e+12 59.4527500755 76.7639276175 149.380672981 25.9481611942 20120214.15495317
-3381598.93485 4232344.18336 16.077 2.23872113857e+13 142.699260588 52.9014163683 -105.394677953 28.1082810784 20120227.01535242
-3401552.43512 4199819.61535 10.855 2.11348903984e+11 122.42308236 51.2309150764 -140.758995413 25.0556088834 20120304.11435467
-3350168.41497 4206669.94266 5.792 2.04173794467e+11 160.200395762 65.8758586053 -18.8646357546 30.5377223917 20120305.14264238
-3372002.21488 4208136.45889 9.052 5.75439937337e+11 148.554994614 66.8118350549 -13.7018191379 27.0135190675 20120306.17354403
-3329694.24569 4197590.34759 6.56 6.16595001861e+11 33.0782506709 60.0740953326 113.561204409 30.3370089489 20120310.05294915
-3365061.34783 4220820.21298 1.52 6.83911647281e+11 23.2071018301 46.1130766725 62.6131700862 30.0359754341 20120327.02104767
-3386908.20846 4135558.52851 4.812 1.20226443462e+13 197.964042723 64.1248983919 148.764513754 31.9418507908 20120406.11165935
-3347564.46099 4177920.54417 12.297 3.98107170553e+12 294.827519334 75.7201963839 -10.5094849948 23.2915364602 20120416.09515736
-3343377.84954 4209899.09592 10.19 9.33254300797e+11 174.668364274 53.1550726638 47.4692540158 27.3421157295 20120417.08482157
-3357745.65128 4250408.65143 7.345 6.38263486191e+11 250.888451032 75.3962270262 172.849796658 29.2556159636 20120422.19533182
-3364020.43435 4201994.15765 11.841 3.09029543251e+11 236.511528177 56.7415872063 -160.350971276 25.2340421514 20120426.04064779
-3387926.92408 4219053.76587 10.667 2.78612116863e+14 69.633638215 82.8038166832 -160.167397239 25.0986489562 20120427.00580654
-3387987.15698 4218751.36068 10.703 4.12097519097e+12 86.4534651172 85.1213559107 -163.670955799 25.8979821903 20120427.13101960
-3396874.49496 4224924.03292 14.95 5.3703179637e+11 188.373912633 70.8454297704 46.1570485051 27.8827887492 20120506.00351306
-3357805.93091 4250213.68263 6.124 6.16595001861e+11 181.572394658 78.3912359372 -0.931488843017 31.6135116953 20120506.20140655
-3391464.30531 4149453.42567 4.472 3.31131121483e+11 75.0229598327 47.8101532652 -154.581192637 29.7346990469 20120510.16211278
-3391121.13958 4148559.62514 4.431 5.95662143529e+11 222.472181079 62.7205491231 99.7523779841 32.7608240356 20120516.07042276
-3374462.96213 4218416.05523 6.418 2.69153480393e+11 207.818711684 38.1086008595 139.981787019 30.8854496219 20120518.00120633
-3382913.1246 4218179.8117 8.773 7.49894209332e+13 51.5463124904 87.5438611912 -173.670376692 23.265585677 20120520.02181669
-3368596.40591 4227603.91239 5.979 4.84172367584e+11 34.8093200348 50.7581886767 126.117194193 30.6863631177 20120522.08243311
-3386000.94012 4218216.68266 9.422 4.21696503429e+11 44.9449345111 78.7189193911 -174.880805289 29.4980603093 20120524.23455103
-3380403.0786 4226939.06117 12.281 4.12097519097e+12 254.394510548 83.2761915024 -169.07005024 23.0928927462 20120525.17562887
-3372688.04511 4186710.50097 11.44 2.26464430759e+11 236.105670699 85.3917473848 -145.228095979 26.9628956475 20120604.22164325
-3372648.22543 4186705.56044 11.422 1.77827941004e+11 165.22604562 76.3872953473 -15.7126812011 25.4947645441 20120606.07131719
-3344630.8763 4208514.511 7.131 3.58921934645e+12 47.1730368033 55.8161216929 115.648505926 24.2159156489 20120610.23061224
-3378951.4596 4206222.40326 7.364 1.73780082875e+12 10.5031082018 80.7571661895 15.2890736127 25.6305286611 20120612.08064988
-3376651.41969 4170725.5115 7.861 2.60015956317e+11 341.618016684 78.3998846822 3.8583610715 26.6810965225 20120612.10292553
-3392488.07589 4222306.33894 10.555 1.47910838817e+13 86.8152434762 45.2731020594 155.188453326 27.4678358894 20120612.21585443
-3381913.61156 4225956.31402 12.894 1.41253754462e+12 108.644696325 67.3415289368 -178.27685097 26.744505297 20120615.00275379
-3381927.21494 4226013.89706 12.869 1.90546071796e+11 17.6852350913 60.2531772619 14.9767307696 27.6511960705 20120621.18575767
-3363365.08558 4172424.42675 8.533 2.78612116863e+11 239.254644813 82.5736369822 -179.887373495 25.1098438912 20120624.00530604
-3366998.96253 4206656.03916 11.559 2.78612116863e+11 160.01764241 81.4464290462 -17.9724906197 30.1147723523 20120625.03004096
-3344653.58197 4208535.00421 7.226 3.71535229097e+12 47.9707912891 54.42576529 118.205185262 25.0872223503 20120701.10021564
-3364799.90543 4203366.3395 11.895 7.94328234724e+12 170.855408616 56.4355058002 39.4951934128 23.3540173855 20120708.08360805
-3390732.8608 4171357.44002 10.324 1.90546071796e+11 130.038675512 72.9635222299 -141.473586768 32.5811729828 20120715.01321575
-3351580.67037 4207474.22096 10.321 4.07380277804e+11 251.105567889 85.8394734406 -146.790681736 31.1920458367 20120715.14044874
-3370216.6647 4224061.26828 12.656 1.77827941004e+11 359.602053342 81.893231871 13.9154412353 34.5008186922 20120719.18571425
-3380342.77175 4190049.58032 10.122 4.51855944375e+11 285.349917244 89.7441602927 125.202638514 26.9745856664 20120719.23150659
-3365958.30086 4174738.39124 7.65 1.03514216668e+12 234.259928013 81.9396609117 179.34387404 22.5597728166 20120723.02401666
-3379419.9565 4165325.09433 5.162 9.01571137606e+11 89.1270231485 82.9841265428 -166.995615549 24.9018423958 20120724.14215521
-3356573.31989 4179567.69471 11.878 6.38263486191e+11 339.705738686 60.3953108412 -7.04178531937 29.2249422821 20120729.19481551
-3356576.25744 4179553.7531 11.768 1.18850222744e+12 342.660358044 64.7242484406 -5.88842672157 27.3569507925 20120730.01475796
-3356644.4924 4179565.37864 11.852 4.07380277804e+11 347.310710168 68.8253049719 1.11926140574 29.969860298 20120730.02291612
-3364830.89961 4203298.0885 11.988 1.97242273611e+11 165.806354122 76.087327038 -16.9009490401 30.3131672337 20120802.12305449
-3334035.35044 4173706.41963 9.51 3.31131121483e+11 178.746468363 88.3163603985 -16.0201177727 28.7890820426 20120809.14410997
-3356660.02644 4179537.73916 11.76 4.21696503429e+11 327.800854946 75.0409156012 -10.43236793 27.0462329776 20120810.02163631
-3348657.65181 4184710.24849 13.555 8.12830516164e+11 250.445643647 77.4239280679 163.649334382 28.5769798782 20120811.02431932
-3362376.84234 4187561.78796 13.247 1.77827941004e+11 106.708875715 63.4927164451 -145.28379652 27.8097222313 20120815.14324921
-3368398.93981 4188375.9612 13.583 4.67735141287e+11 78.1117607303 78.8699531075 166.445204901 25.0885642397 20120824.22460867
-3392564.50017 4217531.91704 9.222 2.04173794467e+11 85.6363077933 67.0006506649 143.61499777 30.4153768329 20120831.04593753
-3394233.24331 4211298.42258 5.732 2.98538261892e+11 64.6330158588 28.0026322167 -171.027128977 35.3111126891 20120901.23585792
-3380246.98903 4234175.74978 16.759 6.99841996002e+13 140.179835901 60.1534842168 -107.150818405 30.169134819 20120909.15093468
-3362047.33449 4174645.67798 8.427 7.07945784384e+11 321.220238205 85.7678860318 12.8867447608 23.7301803819 20120911.01240968
-3373259.59107 4206648.78781 7.552 2.51188643151e+11 244.736505372 41.6293598465 137.624903008 30.1033801211 20120911.19013347
-3356783.86144 4176562.03562 11.391 1.31825673856e+12 279.807852867 75.8984200397 178.945981721 22.5303142645 20120913.16292635
-3388469.02326 4187125.93602 11.98 5.01187233627e+14 163.926398482 47.915883217 37.3700923486 24.283472258 20120917.16292639
-3379476.17226 4219233.6494 8.945 2.45470891569e+12 91.8942295903 89.5629408231 -175.927425558 28.1143568401 20120919.11115803
-3395832.0699 4215728.3673 8.138 3.67282300498e+11 95.5876873927 43.4864656217 -176.296072176 27.0951987211 20120919.17023270
-3368241.12991 4142945.33339 7.389 1.77827941004e+11 64.3597802297 64.0902562969 151.919951376 32.7155296255 20120920.00005903
-3355923.86365 4177303.61903 11.715 1.41253754462e+12 353.834668551 76.9623313055 13.7632366547 27.3535140486 20120925.14174689
-3355945.397 4177265.81019 11.697 1.77827941004e+11 354.945139125 74.131479551 17.8281487113 30.1731146078 20120925.14192501
-3355891.45691 4177318.15074 11.645 2.18776162395e+11 355.708977328 81.9883540724 11.594169313 31.224794471 20120925.19220712
-3388377.88365 4187380.22799 11.88 2.04173794467e+11 20.1498235297 82.4650294314 -12.0660798514 21.3953621709 20120927.02172321
-3364088.72253 4171015.91935 8.062 5.5590425727e+11 151.086877244 79.0113429938 -19.4200037384 22.7233726445 20120927.13444125
-3357259.78102 4208194.99165 11.35 3.54813389234e+11 66.7521203037 75.7677947115 135.480283111 28.1952364965 20121003.08430013
-3367828.48569 4223374.37171 13.36 1.84077200147e+11 274.217901899 81.0893794748 167.755474674 32.2991834868 20121007.05472975
-3370529.17815 4200609.45328 9.817 2.69153480393e+11 90.2141818504 78.5549427207 178.891380253 29.3428791554 20121008.00523439
-3332777.53749 4205219.11023 12.176 2.1379620895e+12 182.987525007 38.3729608145 47.2457349964 29.3515088795 20121013.02462308
-3380359.49073 4234301.75395 16.814 6.68343917569e+12 23.5126082685 65.3110135375 -39.6412909752 29.0841749407 20121019.18483843
-3380763.11694 4225717.86462 12.25 1.51356124844e+12 72.4024804079 85.4023376521 166.781743932 29.1419675778 20121022.05170000
-3364261.63094 4187894.51215 11.858 2.51188643151e+11 269.379034658 80.2077679664 173.257994458 24.4307574193 20121024.03400565
-3364267.16863 4187861.63419 11.806 1.84077200147e+11 355.969363635 87.2047975997 21.9861713651 26.133841212 20121024.22163365
-3361479.3207 4246242.90783 15.144 8.22242649947e+12 309.486757611 82.8011133047 5.10937988932 30.5312470638 20121028.11220135
-3343987.55214 4210531.45809 11.665 1.92752491319e+12 179.389475271 54.9618332143 57.061668394 28.0421027644 20121114.10224115
-3371422.84153 4206522.70948 9.033 4.21696503429e+11 316.559808469 79.3834718556 3.81446722704 38.6628844282 20121124.13181455
-3355881.14578 4177358.83654 11.743 1.31825673856e+12 76.4574699436 65.8176386281 146.655710273 24.2774748235 20121126.16385360
-3378969.33928 4219692.45094 9.247 1.03514216668e+12 21.0765539396 42.682118445 40.0368121398 27.8441630542 20121126.19052312
-3355786.25265 4177475.42526 11.749 2.04173794467e+11 357.953188534 79.9385883117 9.32911289724 28.296191045 20121126.19464971
-3355753.56059 4177516.75809 11.764 2.98538261892e+11 74.2313387967 57.7922932623 139.743337239 26.1262223169 20121126.20463007
-3355847.41141 4177388.30644 11.689 2.1379620895e+12 195.700694617 52.2971809878 58.388444852 27.2212178933 20121127.03361812
-3355805.82476 4177439.50387 11.715 7.32824533139e+11 270.647293982 81.0222872334 179.947745805 27.069151457 20121127.03381057
-3355783.22075 4177471.78796 11.72 1.84077200147e+11 265.992581857 87.880289415 -173.717449757 27.5382327242 20121127.03441842
-3364163.2933 4212888.96247 10.62 2.42661009508e+11 177.976702711 53.1119405933 72.1248843841 27.0500487436 20121129.06165867
-3344686.64439 4208879.30895 8.772 5.01187233627e+11 307.014730311 84.8943479237 2.05934516159 27.8937870042 20121130.06564277
-3364191.28981 4212994.79073 10.607 8.12830516164e+11 152.026934292 30.1170851008 25.2661777237 25.3690587708 20121203.05244786
-3364135.25188 4213028.34394 10.621 2.26464430759e+11 51.8976391019 76.8066993815 134.33932091 28.2860026164 20121203.22020755
-3344487.61121 4222455.46165 20.57 1.36458313659e+12 176.36059516 53.6891887345 57.0061174127 26.849546636 20121216.15585784
-3394108.63008 4220652.76944 9.64 2.42661009508e+11 331.792939285 61.6009370846 -32.5603681128 31.3326077292 20121220.11440006
-3341411.87471 4223406.43761 21.342 5.06990708275e+12 232.873683742 61.8031920307 105.909884458 26.7593636614 20121230.05364971
-3368758.51582 4164191.34961 1.212 1.86208713666e+12 64.7664935294 57.2172761387 101.132349116 30.5999463597 20130102.23554147
-3371490.3249 4205065.36594 10.707 5.18800038929e+11 319.392367118 84.3317106255 4.896248863 23.9150171397 20130104.15210859
-3344490.64527 4209349.98337 9.899 2.81838293126e+12 329.8300784 85.9196171584 8.68288441173 29.0617319204 20130108.07574478
-3380473.20578 4218945.23904 9.305 5.82103217771e+12 234.078827079 84.0425397559 173.620494201 25.5237791202 20130111.15531599
-3343949.08021 4209858.75546 12.03 2.37137370566e+12 172.725001502 69.4486015954 12.5199100398 27.5765398642 20130113.19501427
-3362659.63986 4176391.51547 7.352 5.75439937337e+11 299.460948004 28.7131499882 -29.9579635055 29.4763569189 20130126.19111143
-3340692.62819 4209978.28665 11.196 2.42661009508e+11 173.982403613 68.8060071482 -7.49879430344 29.7141018982 20130131.12453688
-3389462.8191 4127311.61656 6.378 2.98538261892e+11 150.217155328 77.3730904673 -9.19232914272 29.6204194214 20130207.04435603
-3354300.44504 4179050.08429 10.548 2.69153480393e+11 255.890732172 53.5968054747 164.279664418 29.3745319861 20130207.20063838
-3374104.06621 4225989.68426 14.035 1.24451461177e+13 242.053802215 89.2634855497 -150.470663687 26.404222104 20130211.09315607
-3336560.51981 4212740.79891 14.897 1.1220184543e+13 182.358243773 78.5356966389 -9.38351311082 26.4084323144 20130302.04010851
-3382245.72846 4219276.82865 11.222 3.54813389234e+11 160.302047492 65.9354226045 -18.090046405 27.074580951 20130309.17341600
-3369920.38915 4235433.68687 17.745 1.97242273611e+11 79.1319229179 87.4370458311 166.078906343 30.923673012 20130313.16453670
-3330001.0804 4197545.38465 6.082 2.04173794467e+11 142.749343895 63.3957638366 13.6325961923 30.9386474535 20130314.08093739
-3380494.24609 4227970.05817 13.437 4.84172367584e+11 24.9276402032 70.4949557376 -43.999178433 28.38552272 20130316.07142466
-3344337.9945 4209754.71458 10.233 4.21696503429e+11 76.9183666397 81.3225603799 169.370297513 29.0487898949 20130319.13284210
-3380600.22437 4227985.26377 13.417 3.42767786546e+14 163.953453604 38.1742338153 -121.991760389 24.128697516 20130319.13374227
-3378750.51666 4169627.69302 7.741 2.45470891569e+12 345.478498409 68.855500585 -9.44134675294 26.4216456707 20130321.12134435
-3367490.21746 4213752.86738 9.56 2.26464430759e+11 235.417567476 76.9447654016 167.232736871 28.3747557779 20130329.14123008
-3363425.12605 4091691.69147 17.811 8.41395141645e+11 232.244327099 37.6257783846 128.768667157 33.5433270166 20130331.17105815
-3357181.97877 4174779.01187 9.506 1.36458313659e+12 319.930653032 88.6970155755 24.3686937958 21.79363668 20130401.00261948
-3373048.86713 4157773.17117 1.847 4.26579518802e+12 216.829084553 64.4663750425 74.630324162 24.9309935065 20130406.23564147
-3380764.56105 4227958.71296 12.878 9.44060876286e+12 65.7611718498 82.103812853 173.926461018 28.14086406 20130410.06323470
-3378423.1624 4114332.15364 0.81 2.60015956317e+11 319.516271455 81.7637580534 -98.5706021725 31.935573535 20130413.18171896
-3362208.797 4090087.98779 18.549 5.6234132519e+12 175.648179467 86.9750602168 -5.34166181964 28.5574414612 20130416.21065217
-3364548.43734 4218188.25993 13.041 2.51188643151e+11 34.2500633148 39.1640624522 81.5877492007 27.1079381637 20130425.10435218
-3348412.29996 4173439.01057 10.487 7.58577575029e+11 146.963854233 79.6236859524 -3.86364399294 27.9231431101 20130428.03520745
-3374271.57651 4164962.12737 5.85 1.90546071796e+11 341.089027505 74.0408829713 -22.3566447895 26.070456663 20130430.22454125
-3374347.80669 4164934.32702 5.86 2.98538261892e+11 340.643710418 77.8731310031 -16.5339702323 22.0888254381 20130501.07404868
-3356224.13569 4208625.58175 11.564 2.72270130808e+12 318.867191636 87.670575042 3.47736682776 27.212357903 20130502.19554560
-3360217.66952 4186346.79487 12.44 3.12607936712e+12 71.214466206 53.4617356693 159.103038176 23.577261132 20130509.17440559
-3368581.28272 4221267.64088 13.517 1.27350308102e+12 217.558036967 63.9482533985 88.5921502985 25.8777638261 20130512.15350339
-3356272.24619 4208639.56439 11.604 2.6302679919e+12 55.4282423465 58.3870878085 160.416885927 29.230280053 20130522.12273793
-3372473.82953 4188535.94021 10.784 6.38263486191e+11 357.173082221 89.805753864 -17.1685448776 25.4289843523 20130601.10064632
-3395208.66134 4224651.03572 14.598 2.69153480393e+11 162.583822917 72.9795210114 75.1464123516 27.799438349 20130607.05232576
-3363285.91327 4091856.41503 17.221 4.89778819368e+12 52.7034016398 75.2800338815 -139.087366797 30.7502470568 20130619.01481578
-3335377.05597 4154077.69848 11.829 3.93550075456e+11 75.8267753159 84.9396682465 -165.851483735 29.7679723456 20130619.10133574
-3371702.70703 4217065.10576 5.142 2.18776162395e+11 7.01497715924 87.57324559 18.08345985 27.3561730383 20130623.09215040
-3373330.41809 4217074.42564 9.225 4.12097519097e+12 177.434123851 80.7080318891 -13.4588924043 23.9860543875 20130623.10145263
-3371193.86798 4216711.42397 6.388 1.27350308102e+12 337.220001597 73.7159901022 13.3471305303 28.0930053156 20130705.20371406
-3362009.67484 4169333.71114 7.988 2.34422881532e+11 340.968741122 67.556362681 6.85952218134 23.3190319248 20130712.19162200
-3372577.44581 4216847.82528 10.442 3.19889510969e+11 240.517657771 77.5583522661 157.810827007 26.2499852355 20130715.14363175
-3370700.80034 4216806.38763 6.018 1e+12 237.56500446 73.8562674942 167.19376179 26.0646032331 20130718.06482291
-3372597.8716 4216884.36765 10.39 2.04173794467e+11 234.169516482 74.6189072438 165.236829296 27.8112624212 20130718.07401581
-3372359.39845 4230071.37487 11.131 1e+12 24.3870585906 41.1460103535 -58.5093342065 31.3690826433 20130718.11191773
-3379014.351 4212168.00425 7.849 3.54813389234e+11 154.49607532 84.8289219579 -2.09996381322 28.2831823466 20130722.10264303
-3362410.5418 4177570.39517 8.511 4.07380277804e+11 266.474393267 71.1679910582 177.305915198 26.8376594063 20130726.23330283
-3387303.02873 4134464.31142 5.635 3.54813389234e+11 153.355801716 88.5699276202 0.39832117797 32.2936858448 20130730.21130919
-3387318.1352 4134379.45165 5.616 3.2359365693e+12 145.377970092 85.1883883755 -2.22469818061 29.1578142313 20130731.07214935
-3387065.63095 4234413.17153 19.821 6.38263486191e+11 121.827212734 29.0458116644 -135.030927267 30.2051488903 20130731.08072692
-3387279.73905 4234116.44625 19.788 3.09029543251e+11 202.845650572 83.9601581374 24.3188876333 30.3200656523 20130801.09231894
-3387236.03832 4234326.24739 19.817 2.34422881532e+11 213.385800898 69.5532827719 14.3925301677 30.2744076468 20130801.09270530
-3378686.61365 4212085.48587 7.866 2.31739464997e+13 151.314890083 79.2349180929 -10.0315236589 21.9669187163 20130805.23102696
-3336386.31993 4212908.10697 15.458 2.26464430759e+14 87.7083143804 87.6842506188 -177.675878815 26.8442628966 20130809.23250964
-3390253.25719 4127287.40242 4.941 7.07945784384e+11 168.250528144 77.7766441957 -12.1783062819 29.7076003536 20130815.20521669
-3390351.54471 4127187.07155 4.695 1.84077200147e+11 255.20233227 83.656827174 -151.481540094 30.8400871686 20130823.05262230
-3378790.76891 4212070.44244 7.968 1.1481536215e+12 66.358167375 83.0927162332 -168.29627987 24.20998803 20130824.13241441
-3391269.05368 4156863.46568 5.282 7.8523563461e+11 232.345567628 73.3545197079 87.1904719215 32.8067883836 20130827.06150350
-3378630.35826 4212042.00198 7.976 1.10917481526e+12 163.89118564 75.9738735365 -30.0123497 23.649739533 20130905.20504674
-3382242.73311 4224196.1692 10.111 1.77827941004e+11 291.6501705 83.4654576256 170.23697911 29.5619690315 20130917.19343260
-3336489.73988 4212830.93718 15.384 4.57088189615e+12 285.730799371 76.6142653449 -167.85879652 24.8323790901 20130929.21332482
-3375732.02606 4223598.90665 7.525 3.27340694879e+13 27.0119501549 61.3060225387 1.74804229755 30.5565997155 20131010.03105243
-3374988.56892 4226539.06749 9.053 2.88403150313e+11 220.10875869 85.3281794225 -8.87661445603 32.0253720769 20131011.02345031
-3375902.31676 4163102.33108 5.862 2.21309470961e+12 257.733239922 89.5231504416 -178.802547333 22.7228442933 20131013.00210118
-3394018.65019 4215689.41852 9.889 3.54813389234e+11 123.60633289 25.3819304326 -150.772415947 27.8621195382 20131021.05035289
-3374458.18298 4195829.69803 13.797 7.8523563461e+11 354.653646561 65.340176733 0.0888980364593 25.4684249135 20131023.01345379
-3374430.97446 4195855.86753 13.781 2.88403150313e+11 338.322861569 69.9568526876 -20.0231488799 25.1424701939 20131023.01394334
-3374406.38782 4195906.13323 13.789 1.97242273611e+11 178.248394271 88.3280877657 21.263507104 28.8267162584 20131025.11333795
-3362601.02702 4189017.31792 13.805 3.31131121483e+11 65.5462807088 84.2392994074 158.786521869 26.4455707828 20131026.12093788
-3362655.44875 4189030.66232 13.823 1.97242273611e+11 76.8102670744 65.27058028 172.534046774 28.3857337551 20131026.12195409
-3368741.85906 4163219.71473 0.918 4.07380277804e+11 238.234755599 80.4249612343 84.5755432666 32.0841703161 20131026.13140379
-3362805.33269 4189063.09873 13.83 1.18850222744e+12 67.2158851567 88.939906531 158.692540435 26.4772925258 20131026.21460712
-3362386.74 4189336.5039 13.977 2.51188643151e+14 340.31523497 83.8340142664 -0.430109056881 26.7136550546 20131030.20453532
-3362584.91422 4188987.16403 13.704 1.92752491319e+12 162.852309859 62.0542040322 17.5203114875 25.3327993483 20131030.21223606
-3362606.55938 4188974.82716 13.731 1.46217717446e+12 60.5847909077 87.8018144721 139.89603537 23.3554959895 20131031.02041669
-3349034.44192 4164144.1577 8.996 7.32824533139e+11 304.488945842 82.4093618926 7.96852059998 22.829102688 20131102.06591332
-3381996.53253 4224259.61223 10.326 1.97242273611e+11 76.0376899056 68.2110755129 179.545908461 34.5053118184 20131102.09320441
-3375880.52745 4166560.63971 2.035 3.54813389234e+11 340.459364191 77.2869528738 -11.2368796131 23.1711914971 20131110.07351522
-3382703.63342 4219275.51176 11.504 2.54097270555e+12 109.944127192 85.7827304624 168.663073184 23.676877151 20131113.20001876
-3375772.81278 4166500.29614 2.042 1.99526231497e+12 341.403032044 78.8144366461 -9.8680572916 20.8343563646 20131122.19061217
-3375765.39172 4166499.94956 2.021 2.69153480393e+11 167.351642434 88.413246164 -6.38611273907 25.9971491489 20131122.19183510
-3369645.90772 4235467.33225 17.912 7.24435960075e+13 259.332671374 78.9632201304 170.281018392 26.9326533281 20131123.17322432
-3373286.36727 4100178.43501 15.849 1.07151930524e+12 180.237232263 75.2773130774 3.19757245642 31.9341715531 20131126.09283499
-3371136.16983 4217281.19476 4.435 4.57088189615e+12 181.712040468 88.6689109606 -19.1701683668 24.8761601066 20131209.07463459
-3367171.85377 4197187.19015 13.057 1.84077200147e+11 105.209796384 65.7801007795 -169.588630196 26.6383788738 20131214.01385096
-3370340.75095 4229015.26821 16.382 3.98107170553e+12 346.768421871 83.1091823745 17.4732771145 30.3229249991 20131218.06433421
-3365719.04471 4229525.21155 7.772 2.69153480393e+11 344.70005388 75.9522784495 4.42715102594 32.6847911437 20131218.21312012
-3379511.24807 4230230.24672 15.1 2.37137370566e+12 276.451207363 77.2756363881 151.605381753 31.3510864238 20131223.13565449
-3371711.4113 4208051.96491 9.038 7.8523563461e+11 60.8652329923 72.2835725435 158.285730557 27.9711825801 20131225.01034150
-3380517.27072 4227931.20267 13.561 7.94328234724e+12 129.445035194 82.1178027453 -162.844705051 28.002590693 20131225.07385128
-3356559.68719 4174712.23665 10.568 1.27350308102e+12 216.026179749 76.1676873185 162.397117646 25.1249263359 20131230.05435254
-3371543.24228 4208059.7143 8.969 4.84172367584e+11 196.951189325 61.5290915263 138.599956742 27.1656123158 20131231.06474240
-3373812.35908 4188320.12729 14.404 1.56675107011e+12 337.80722977 38.9645881598 -37.7593312782 26.4938700165 20140106.20591264
-3376175.17355 4203723.71465 15.505 7.07945784384e+11 136.893748533 84.7321878798 -2.91685556435 28.1201175773 20140119.22424211
-3349677.05848 4175159.32773 12.788 2.78612116863e+11 205.032032644 88.8016334167 171.95371801 27.7601027165 20140122.06194453
-3375807.09568 4154609.02048 6.322 2.34422881532e+11 237.837097592 79.1464159345 143.230830992 26.3475123987 20140207.09445696
-3335018.44875 4097748.1617 7.483 1.27350308102e+12 185.096365548 89.2427815472 5.60778874432 31.6874722949 20140218.14100676
-3363716.89817 4100536.85385 4.61 4.89778819368e+12 281.130367951 59.9467640611 -140.987491885 33.2066885269 20140221.05232587
-3334761.41722 4097796.85906 8.712 1.6405897732e+13 252.516800851 39.9879946244 140.617137509 35.5139894738 20140223.06474190
-3364887.40039 4172322.43996 10.351 3.42767786546e+11 72.8034074753 58.4265298752 140.48614406 29.2912378876 20140227.11402160
-3382033.46459 4192827.0153 16.243 1.84077200147e+11 126.051990925 78.9287070997 -20.1726125206 29.0632048459 20140228.21025906
-3377982.92223 4164370.80809 8.134 2.78612116863e+11 334.714290557 83.9041723542 24.115427204 25.7714851477 20140303.14582451
-3367455.59738 4096596.84835 10.779 3.93550075456e+11 268.429447071 46.2008712392 178.731921019 31.3495609018 20140308.21225253
-3357969.94161 4207235.91249 10.292 1.41253754462e+12 6.71322269896 86.1417549067 13.4875783607 30.7071188045 20140320.02474164
-3341148.48116 4115170.57861 7.658 1.73780082875e+12 255.419331255 49.0698457391 91.393581642 31.7334955445 20140325.06052139
-3374457.29444 4164439.1433 7.256 7.07945784384e+11 259.091095722 73.2544902288 175.828717844 25.5269792158 20140325.14191186
-3374438.16298 4164424.59109 7.239 3.19889510969e+11 335.976004125 80.279455121 11.9465859342 25.1434526952 20140325.20362082
-3387524.53134 4210116.2605 15.445 1.97242273611e+14 295.629304063 24.8958806924 -76.715217391 32.0072963138 20140405.14510329
-3387598.99892 4209265.8208 14.964 1.28824955169e+13 311.697819893 36.3289925267 -68.3454017841 30.6728281642 20140405.15491205
-3357712.99873 4208617.67619 14.081 4.41570447353e+12 125.18943276 53.8240088316 70.8655487137 31.3121643451 20140407.21042316
-3387006.05012 4198084.67379 16.358 3.19889510969e+11 119.733093687 55.8848792126 -151.990934166 31.0894368767 20140410.18072983
-3380875.62764 4200166.07181 14.006 5.95662143529e+11 358.753004158 68.7648029819 -35.9924729551 28.4291379848 20140412.08561130
-3334826.528 4132209.16825 17.127 3.80189396321e+11 264.397679196 83.7310042725 -179.69494333 29.6380923517 20140413.02263064
-3392143.92525 4213899.10138 9.92 3.58921934645e+12 1.55554286652 42.7257262279 -12.3556985242 30.2972740526 20140413.21574347
-3364846.1792 4175271.54145 12.655 1.84077200147e+11 219.106203541 53.5365064119 -141.837755686 28.9237052174 20140421.23203421
-3362719.58181 4176613.93227 11.627 8.81048873008e+12 194.764757269 42.1769864763 63.3674169427 23.2952764885 20140426.07181366
-3365704.61217 4174941.23165 12.829 2.6607250598e+13 29.8584866763 56.7218088692 -167.792646121 27.1806946099 20140427.09475878
-3379477.50732 4177360.41762 9.904 2.04173794467e+11 300.498264553 83.3951525209 -148.798025659 26.0547004029 20140429.19473447
-3366489.72578 4174656.38848 12.331 2.26464430759e+11 16.3900936187 81.714631033 -147.274287081 28.5423841159 20140506.18303664
-3381936.41339 4165246.32865 4.937 3.67282300498e+11 267.975538879 81.7670324823 -175.915275783 27.6940026027 20140510.23291864
-3383856.30298 4134709.4691 7.784 4.07380277804e+11 327.493677316 7.75514502947 151.76048248 31.1251144699 20140512.09445854
-3341603.1407 4200730.70271 6.157 4.41570447353e+12 43.0622274741 76.2499145413 152.511579264 31.4373178674 20140513.09040866
-3380138.93178 4216162.69552 14.821 2.72270130808e+12 26.0263192847 89.6207774195 -5.79933614069 30.5134821889 20140519.08592005
-3399157.67743 4146348.83487 15.641 5.01187233627e+11 80.8430590862 81.8985192406 -88.8879498032 31.0109199352 20140520.06365003
-3381940.20171 4165252.02748 4.968 9.33254300797e+11 183.928920561 83.0732461096 -18.0556901821 27.6908911515 20140522.18253634
-3374630.03656 4166550.01199 4.957 9.01571137606e+11 174.229881144 71.3712780723 -39.7520113215 29.2064697111 20140524.05011857
-3378513.03398 4204069.87406 15.453 2.39883291902e+13 17.9103007147 78.0685822142 52.085287892 25.9762031517 20140612.02003821
-3351103.29225 4206119.92662 4.839 3.67282300498e+11 49.001848052 80.8297915892 -176.269771159 30.8710184883 20140613.15335927
-3378028.70013 4193568.90206 16.114 1.31825673856e+12 161.801947474 69.0374337757 24.3234799482 30.5281585075 20140617.00204154
-3375924.82974 4202805.8519 15.716 2.88403150313e+11 26.6613748953 88.6895232188 153.306775309 29.8420774024 20140620.06365464
-3375403.244 4162649.19501 6.496 1.51356124844e+12 161.328260388 77.5030273402 5.77249935369 26.4331876155 20140620.10123615
-3371653.41848 4082002.37802 13.772 2.45470891569e+12 9.98779532552 26.7594331144 -8.2244816589 31.6315827342 20140620.19411532
-3359986.50891 4174452.56613 11.351 1.1481536215e+12 140.650433652 81.1098796658 161.413408483 26.8746716885 20140628.02002539
-3366442.0392 4186756.53918 14.339 2.60015956317e+11 22.5735811074 49.728123881 88.8018075171 28.6684442043 20140708.16130012
-3357349.14826 4205765.25463 11.0 5.3703179637e+11 251.687415922 83.9234972778 -167.792445494 33.5291120835 20140713.09250304
-3389262.42667 4126946.23529 8.573 2.11348903984e+11 254.290786574 74.5912042055 139.205078882 30.9635892926 20140726.17311319
-3388638.37656 4127570.91836 8.723 2.78612116863e+11 15.9902020298 33.0331160021 75.2165748784 32.8728870177 20140729.20130908
-3375123.37223 4204075.0191 16.316 4.57088189615e+12 143.63475763 64.4613473428 -26.8506646405 30.1096547046 20140730.07235635
-3366173.33898 4196150.90455 15.689 3.31131121483e+11 357.139368632 68.3140295435 -18.6454033776 31.2276626628 20140808.22313547
-3398202.29313 4174181.39821 9.191 7.67361489362e+12 198.62802027 15.66974762 -105.304200834 32.6086087061 20140815.03551992
-3380347.03448 4217111.6496 14.575 1.92752491319e+12 148.750859818 61.1861940414 -38.4409449034 31.0036556839 20140818.15552903
-3367871.95033 4202403.10057 17.979 2.54097270555e+12 183.261349186 46.3542626525 23.0923912123 31.4492076258 20140818.15585600
-3377103.44707 4163667.46427 6.636 2.34422881532e+11 241.417095695 83.5912773965 178.884246536 26.4456028208 20140821.00420658
-3377504.72308 4163524.49344 5.611 3.19889510969e+11 326.422048308 64.6745024461 0.0595354748067 27.6619858062 20140821.01334784
-3347598.24705 4178858.73252 14.958 1.23026877081e+12 356.997105107 66.7734283237 22.6711984142 28.9157192207 20140823.13524324
-3391370.44548 4149291.65403 11.521 4.21696503429e+11 216.277702441 66.1316241165 60.4147609915 29.6361965084 20140830.23005556
-3365344.02599 4095458.46353 17.746 7.07945784384e+11 112.860982244 70.5244637875 -103.715807266 32.6012361744 20140905.07173096
-3392120.39257 4213571.41271 11.613 7.41310241301e+12 265.178774677 84.6440470813 130.639333231 33.2035726121 20140908.02145279
-3384974.47877 4217824.26594 20.048 3.2359365693e+15 197.49913872 75.6640366759 -28.1853371218 30.9977751907 20140908.12282741
-3365657.97861 4187316.50692 14.756 5.95662143529e+11 254.54502653 79.2000775558 174.849404711 31.9332858018 20140908.23141735
-3365262.01637 4196873.10905 15.764 3.42767786546e+11 86.2474746164 80.0462546227 128.00443723 33.0286252318 20140916.00520990
-3379735.1072 4208604.77561 13.958 1.86208713666e+12 119.130040675 89.640776898 175.137685772 30.7028250379 20140930.00445625
-3394903.61279 4218163.67926 15.514 1.27350308102e+12 301.913293595 53.0502508884 -20.6957974201 32.0557092617 20141001.12542337
-3371516.38838 4082223.63484 11.285 1.90546071796e+11 107.540417314 65.3391997026 -148.677516514 30.8365739407 20141004.12162055
-3361473.32122 4175510.17626 9.481 5.95662143529e+11 317.844592198 59.0421746277 10.9512443892 27.7920890876 20141012.21203967
-3374897.91642 4203921.90753 14.98 1.51356124844e+12 140.508695233 53.2719729047 -44.871907329 30.4686634415 20141022.04341048
-3374890.25709 4204079.95963 16.506 1.86208713666e+12 143.233088219 52.8502462694 -37.9531108853 29.2069700617 20141022.04565606
-3375124.67835 4204248.87093 16.789 8.12830516164e+11 342.522544921 54.3594998362 -54.293137037 29.2556833226 20141022.04584378
-3375645.96076 4203669.71723 16.411 2.98538261892e+11 166.19226676 72.9423432647 -36.2753182806 28.8433830404 20141025.12203142
-3366871.62613 4196194.9952 15.46 3.80189396321e+11 88.1558844104 85.0609979139 -166.829227069 30.6991828457 20141025.15195546
-3370331.07353 4199960.01228 17.06 4.57088189615e+12 72.5435028763 73.7673204465 131.213919893 30.5286097106 20141029.12443180
-3380802.12803 4205722.91928 11.765 3.80189396321e+11 339.035062275 35.8246759227 -58.1587975671 31.5519796741 20141104.11172666
-3348222.25547 4101964.49669 2.432 1.67880401812e+12 340.648618892 87.8502381531 2.55430841916 33.115699169 20141205.03061973
-3378704.80142 4160689.52809 7.56 7.07945784384e+11 157.124447663 78.9292543779 -41.4434008796 26.6954293682 20141211.07520149
-3367345.5759 4194284.14899 14.486 3.19889510969e+11 236.645657271 74.9458880968 164.200671857 30.8412926979 20141217.04594739
-3376515.78021 4161066.11872 6.24 8.41395141645e+11 358.960858378 48.9685977591 59.972047765 28.1230997804 20141218.14050296
-3372775.48682 4190368.04005 14.863 7.94328234724e+12 183.703924764 43.3173683574 -45.0132221726 27.5683029921 20150101.06460239
-3377008.39602 4167210.43225 2.203 1.77827941004e+11 252.856591695 75.7329556615 178.394523642 26.5343469452 20150101.21030655
-3379354.18123 4159717.50302 3.447 2.11348903984e+11 51.6288985476 53.9332114179 -168.699804958 28.8266587907 20150102.20051427
-3370119.03918 4199245.18458 16.862 1.56675107011e+12 343.425483476 64.8545402646 39.4396305126 30.3394942125 20150104.07203984
-3367496.01023 4232534.44537 2.523 2.51188643151e+14 337.015301065 67.4380053458 -78.1510954525 31.5125176481 20150105.18075997
-3362929.20641 4235784.04455 2.519 5.75439937337e+14 336.586658609 69.0707314996 -79.7662804039 32.668120679 20150105.18394484
-3369891.18013 4229310.45778 4.997 3.98107170553e+12 336.433151034 63.1357956987 -79.2683154423 31.7138213503 20150105.21134100
-3383950.49105 4218745.45299 20.548 2.6302679919e+12 199.094469788 78.9535430563 -29.8758163799 31.663574573 20150107.08525145
-3364437.87657 4236744.77231 5.613 2.8510182675e+13 317.339845598 84.1302438749 169.127049364 33.114115127 20150107.12520550
-3384082.18425 4218277.11728 19.999 6.91830970919e+12 321.136505858 51.7637957838 -167.062051392 31.848603351 20150107.15135246
-3370415.18464 4231045.72625 11.001 4.57088189615e+12 163.781137927 53.9973134446 -53.696290297 31.2046553205 20150108.12254209
-3364565.88653 4240221.00246 4.79 2.01836636368e+13 341.826622433 71.8695003916 66.6852037716 35.8926404519 20150111.07380059
-3366477.20327 4235315.62612 4.134 3.16227766017e+13 12.0265492973 79.4093575299 11.9903009335 32.6317873174 20150113.03065496
-3369110.93567 4232545.79231 8.761 4.3651583224e+14 287.912638226 53.8913196984 -141.922829411 31.2798542835 20150127.20223325
-3363988.1384 4239329.20311 5.573 1.25892541179e+14 305.925145985 61.3616141927 -141.119691487 33.9268930404 20150201.07281446
-3379313.54911 4168092.86129 8.677 2.11348903984e+11 269.343733068 72.2954520929 -172.16714313 28.3938412738 20150202.02033979
-3360913.18433 4186698.58436 15.588 3.19889510969e+11 251.341248198 53.1291530575 160.33684185 31.6104225833 20150202.07491316
-3369044.59626 4230211.93137 0.988 6.38263486191e+14 335.325625449 69.8939800121 -80.4659698203 31.0124949122 20150203.14581419
-3348022.37675 4202877.58787 6.245 3.31131121483e+11 237.158719109 78.1227774831 175.601477302 33.6234019063 20150205.16461117
-3383837.37555 4218026.88289 19.632 1.07151930524e+12 199.93838205 77.6267764011 -29.164300164 31.2262690013 20150206.20090291
-3382085.91983 4148497.44713 3.096 1.07151930524e+12 77.1211594823 68.5310512987 164.760862409 25.377825695 20150216.20384639
-3379765.86504 4217167.71131 16.865 2.08929613085e+13 27.6715884277 89.5384884219 20.680534949 30.9129285081 20150217.00302842
-3375654.74662 4185096.69208 12.211 7.67361489362e+12 179.032374045 79.2987638006 0.88999782652 24.690424975 20150219.21511133
-3369233.0469 4195022.97967 14.719 2.04173794467e+11 335.548699575 73.8041464115 13.9620734878 31.1926873468 20150221.23532376
-3374328.50401 4178755.00648 12.318 2.42661009508e+11 94.229444656 76.3164639575 156.480638412 27.1970917625 20150224.22223803
-3347470.22111 4160594.066 9.724 4.3651583224e+11 324.696025224 83.1815829603 6.19337944182 25.5778827688 20150310.08102994
-3366257.60561 4195836.2558 15.327 5.82103217771e+12 75.8015589216 88.1695359314 -166.617169025 29.6829884739 20150313.13165489
-3368924.7706 4231731.91462 8.199 2.6607250598e+13 172.603696874 79.7744401469 -17.4752765129 32.2020012027 20150315.04150871
-3382292.76651 4119834.61507 5.704 2.34422881532e+11 321.202713844 29.4460065084 71.5765038732 32.3771423953 20150317.16363130
-3354689.16804 4085063.90964 21.601 2.60015956317e+11 334.603003632 85.6683015294 3.12804021779 29.6386920434 20150323.21200420
-3373801.4804 4212877.09278 18.045 1.67880401812e+12 201.356070946 88.3589466541 174.881313208 29.9296570203 20150325.15551507
-3373463.04427 4212406.99126 16.986 7.32824533139e+11 146.525801013 29.9345672213 12.4534268631 30.102842182 20150325.16014879
-3354672.53161 4085068.42665 21.581 2.26464430759e+11 70.0125200316 86.1867987357 -177.341022318 29.8390933933 20150401.02341651
-3379377.95334 4168084.05888 8.576 1.03514216668e+12 263.61583379 64.0019326228 -179.370588146 25.4942970516 20150414.07373922
-3342477.52009 4204935.61467 3.988 8.12830516164e+11 49.3221755134 76.3896922502 -170.053136317 30.0738110008 20150416.01074188
-3352745.86126 4090125.38766 19.105 2.60015956317e+11 337.392870716 83.572261584 -4.35389731943 30.2607667598 20150417.03010671
-3360544.23157 4159449.78163 6.114 6.60693448008e+11 206.917461135 39.6088913105 89.1469163785 27.6405292707 20150420.11121506
-3360480.44531 4174875.61827 7.27 1.84077200147e+11 236.267486045 45.8347298685 125.17515982 30.9193887335 20150428.18390436
-3382135.8466 4165365.64048 6.895 1.97242273611e+11 160.68326741 76.1456189414 19.8806545066 29.7538039251 20150510.17041519
-3379089.40448 4159587.45786 4.363 4.07380277804e+11 183.684284466 75.4226172741 -21.9260304773 27.2178857387 20150513.00101102
-3356178.72267 4018145.23145 24.404 1.42889395851e+13 5.37959795834 31.843486573 -81.8069351862 38.5063942377 20150516.04251739
-3388361.46098 4147871.32224 4.638 7.8523563461e+11 71.0543804325 29.1578699161 111.332287765 31.4206522991 20150517.16190587
-3362399.40914 4183440.04037 14.93 2.51188643151e+11 1.35900648457 67.0385399876 38.5295254033 28.5035018538 20150518.05531077
-3357090.04806 4016551.30114 24.602 1.62181009736e+15 18.8648043681 80.1799655562 -1.43142716597 33.0466060694 20150520.08462901
-3372521.12243 4186939.64704 12.491 2.11348903984e+11 66.346807424 78.6688625041 139.218518014 31.3786075761 20150520.19544647
-3386868.39765 4157435.93551 7.721 3.31131121483e+11 76.3281718274 79.0119207887 -142.517538218 27.7438056946 20150528.05031453
-3389069.13683 4147243.08738 5.017 3.80189396321e+14 349.031631383 42.9223090104 96.3762247456 25.5444777293 20150530.18523224
-3388750.74142 4147536.66781 4.403 4.1686938347e+13 292.514237548 47.3355825424 58.7845993205 29.2285591171 20150530.18560875
-3388642.13029 4147131.54491 4.605 2.37137370566e+12 22.4913091468 67.6400779786 -126.003060303 31.5936997979 20150602.08582764
-3388644.61143 4146996.63719 4.292 3.0199517204e+12 269.993700683 42.5884749932 6.30137417575 28.7139076389 20150602.18431532
-3388203.65896 4173166.51899 11.563 2.04173794467e+11 196.982928801 21.5545116062 -31.9528282545 32.2643690764 20150606.12054831
-3382572.15088 4215477.70672 13.652 3.0199517204e+12 148.225153723 53.4635410446 -36.2985114689 32.3669450754 20150606.14325952
-3388627.24433 4147178.67975 4.618 1.84077200147e+11 198.409100296 68.7259920756 149.560229654 30.663877939 20150610.11394679
-3389213.14106 4147002.00155 5.3 7.07945784384e+11 341.372720384 68.2889329535 -156.957050945 32.700112753 20150612.00043725
-3376243.80445 4214592.39355 16.153 2.917427014e+12 342.940905362 20.885684325 -122.237529329 31.3605195425 20150612.02380549
-3389248.1658 4147000.14489 5.276 9.12010839356e+12 330.257885462 34.7655129424 152.187353815 29.8196522376 20150612.12345935
-3391707.70884 4208239.52613 11.55 3.31131121483e+11 106.166735493 68.6955073427 -144.422359738 29.7085134449 20150616.12524138
-3389103.08147 4146862.65266 5.288 3.31131121483e+11 339.303019611 69.7081000141 -163.138516083 32.912233284 20150618.05023327
-3369433.80416 4232912.39941 11.429 1e+15 286.489778031 61.1957230001 -142.256934491 30.9931147644 20150622.08062805
-3360347.96435 4088375.39588 18.597 5.75439937337e+14 347.011414599 88.2157427177 -12.4421642734 29.3098034669 20150629.15252392
-3389055.26474 4147113.15011 5.306 2.18776162395e+11 184.057287751 29.4096302401 35.6469320392 33.3020863492 20150701.04463825
-3388622.10039 4147313.35719 4.699 2.34422881532e+11 346.144530168 30.7766782415 56.0947852859 29.3914127193 20150703.13071475
-3333772.99902 4120989.80358 5.508 1.24451461177e+13 248.435907289 88.6227046315 178.636628972 31.0225907341 20150707.00193046
-3345543.40913 4207975.7348 6.436 8.22242649947e+12 162.979181987 52.9967099088 16.7257255434 31.7400214895 20150802.19235935
-3351810.4895 4203251.38312 6.798 6.60693448008e+11 159.757200895 29.751380575 29.4995340556 31.0997805608 20150815.08382333
-3391953.04223 4220748.8104 12.95 4.73151258961e+12 196.47847054 42.5881432951 93.5255017515 32.9647901363 20150816.12425549
-3391189.44402 4159288.45424 4.248 2.51188643151e+11 80.4054464868 77.3418957995 -88.6850148822 29.5880885373 20150824.07091539
-3383021.6813 4225215.13085 22.2 3.09029543251e+14 138.944661467 50.7395043478 -73.9642128684 31.1172440784 20150828.05012082
-3383632.55793 4221725.25353 16.287 2.29086765277e+12 223.455248785 69.0414418399 -84.6561983478 35.2355987365 20150830.12362203
-3346172.32169 4206930.75009 3.364 5.01187233627e+11 47.2284175089 78.5771270552 -172.09081007 30.6539749716 20150831.02430227
-3344816.34566 4207870.29464 11.694 1.07151930524e+12 318.441354125 83.4865708835 -9.93665186978 29.506955027 20150912.15261453
-3376343.37348 4180887.62673 11.77 1.84077200147e+11 161.06524628 25.8155169379 20.1986244812 28.1657402845 20150930.23502607
-3357892.60101 4205043.61752 10.678 8.22242649947e+12 183.22042615 63.2657070977 28.8762847415 30.0170710732 20151024.17063796
-3357927.61211 4205062.90051 10.724 3.67282300498e+11 359.93897102 73.8660673572 10.6244126657 33.818541005 20151026.09143282
-3377275.07868 4171558.85545 8.763 2.51188643151e+11 256.161945831 65.7407146481 172.966586472 25.0406727637 20151027.08231318
-3368671.18462 4217019.9255 21.169 6.3095734448e+13 53.4141739591 76.0163642501 142.526890912 29.5522229347 20151031.09394684
-3357898.9037 4205056.01465 10.689 1.33352143216e+13 180.500889189 68.0635761049 25.0212379425 29.9674859824 20151031.18423187
-3343752.5861 4208582.80363 11.559 4.26579518802e+12 57.1503072817 61.61705119 131.160557002 30.958691144 20151031.21101017
-3365062.02888 4091705.42616 17.24 7.67361489362e+12 338.92839501 64.001045525 7.08700250037 27.830657312 20151101.01561311
-3389191.47217 4215147.27471 16.75 7.07945784384e+11 187.336646109 67.8828213617 -42.5952420985 31.8674282845 20151101.03030800
-3379768.06067 4234037.96736 24.311 2.34422881532e+11 137.701149333 38.5607411202 -134.679256593 31.6619470201 20151104.14403535
-3368882.23145 4159535.75584 4.988 1.97242273611e+11 237.997473464 78.9850226401 86.6809812219 30.9035526237 20151107.12193039
-3362414.71669 4079688.82167 20.356 1.86208713666e+15 349.993039077 86.8806150843 -0.58367175634 28.4044879121 20151111.20030586
-3362592.2769 4079375.81252 20.182 8.41395141645e+14 254.344864615 83.0369426218 176.83449435 28.1638778163 20151111.20493105
-3362511.17509 4079392.4067 20.252 4.41570447353e+12 343.631935353 80.6064913151 2.40752390964 28.869833293 20151111.20560364
-3362271.14093 4079913.10159 20.302 5.5590425727e+11 343.681375998 79.0854990978 1.93236821451 29.5626485532 20151115.16584071
-3368682.21216 4157395.2833 3.834 3.58921934645e+12 30.8895244185 17.8188214267 97.1240215874 26.884411078 20151116.19263421
-3362195.86365 4080038.61867 20.181 4.84172367584e+11 342.693218637 80.8042600047 0.50704074743 28.4070368761 20151117.05593632
-3384471.23099 4203759.14964 15.281 4.41570447353e+12 107.539883835 62.7446373878 -137.511295929 28.3224091331 20151120.00300202
-3367565.59134 4176630.76035 8.812 5.01187233627e+11 51.8630899861 55.7416627956 99.493460886 30.5858694634 20151125.04393207
-3389240.95566 4109953.96939 12.583 1e+12 56.9273932551 38.828697902 -145.930408619 32.4911709268 20151204.15474278
-3376860.24049 4213712.19403 15.422 8.70963589956e+14 144.514402577 31.5295444963 -1.46881232848 29.1621056628 20151204.21054043
-3362651.85829 4079094.09063 20.289 1.03514216668e+12 342.219916965 82.1390438566 -1.86655550943 28.6220199384 20151205.16182023
-3374902.06829 4210812.18955 16.028 1.99526231497e+12 275.876319483 78.0295330827 -104.902755854 33.492260256 20151205.17253265
-3376247.21584 4213715.65389 16.091 2.1379620895e+12 197.672567894 59.7078539944 -19.2260717786 30.0015856661 20151205.19424975
-3348435.77255 4179027.92424 12.962 3.46736850453e+12 2.61253248193 78.3998222459 22.4939379825 26.1713494422 20151215.23505392
-3362176.23857 4079873.52572 20.296 3.54813389234e+11 252.210195619 78.3494921278 166.726585911 31.7977452661 20151226.07235685
-3360124.61411 4088650.20079 18.788 1e+12 338.140897881 64.3725193967 -5.99796634653 28.4155178554 20151231.15232621
-3344412.6631 4208754.05782 4.931 4.07380277804e+11 72.6468845703 71.5421649065 170.371670119 31.9668077806 20160102.11580737
-3358345.54424 4174131.51849 11.287 3.54813389234e+11 197.289895089 46.3876263207 59.1987215534 30.0091321377 20160105.16210446
-3366083.10193 4195957.94804 15.322 2.26464430759e+11 340.227599727 80.4271892345 -1.86867147796 29.7378858586 20160107.15474234
-3390480.72018 4176649.43826 9.254 2.60015956317e+11 254.096386953 78.2608962542 -94.4500266513 30.4541766286 20160116.05234775
-3363491.52197 4094736.33755 18.96 3.42767786546e+11 4.94670653367 29.0361833676 -36.9351610622 31.5259176385 20160131.03395346
-3390466.05244 4176813.4068 9.275 7.58577575029e+11 142.948472967 23.1835682062 -59.0219790867 30.8468439187 20160204.23380379
-3381619.18157 4160175.16112 3.861 8.41395141645e+11 268.343814174 48.7431504868 -149.558361415 27.5645843119 20160214.10092037
-3340839.67772 4132882.29182 14.889 4.84172367584e+11 260.137838507 80.4601048647 -179.948480424 30.7017188227 20160220.16582683
-3387691.48253 4137332.51786 10.801 5.18800038929e+14 63.0165639642 26.8398976885 123.804537128 24.450497619 20160220.21315832
-3387656.98893 4136803.57545 11.026 4.46683592151e+13 201.974742091 68.091731042 64.360356929 28.0268391094 20160221.08450741
-3378086.09704 4203940.46224 15.353 1.46217717446e+12 112.451099475 86.2682344926 173.195042485 28.5450646944 20160311.09343424
-3354144.28728 4168593.05071 6.2 1.73780082875e+12 243.370467782 89.5155737522 -163.211557817 26.5944232224 20160314.06253986
-3369868.77842 4151720.67081 3.473 2.69153480393e+11 157.784583189 38.2437915118 51.9596146208 29.9280722763 20160414.01373178
-3378192.5614 4220084.20381 15.692 4.26579518802e+12 143.286162167 37.7610394897 -67.9167610252 30.202816663 20160419.01492687
-3366001.57103 4092716.4597 17.446 4.84172367584e+11 341.089265991 54.0145543736 1.74863439567 28.9970944205 20160420.06593110
-3395528.90493 4123588.47311 13.963 4.62381021399e+13 218.245303986 77.8906221339 -2.84311191222 30.2482187731 20160421.15362121
-3395506.99532 4123651.40919 13.739 6.23734835482e+12 36.904563794 77.1579474043 14.4944253254 31.0923657526 20160421.15563946
-3395357.94946 4123331.66708 13.807 1.90546071796e+14 217.723032544 78.8370585725 -3.51126419393 30.2653383641 20160421.17100424
-3395428.45553 4123426.37736 14.263 2.72270130808e+12 198.473103967 69.3885637883 42.2512074165 31.9555705555 20160421.17531306
-3362751.89538 4181852.45985 11.143 2.21309470961e+12 28.5567603373 43.5541725789 87.3593500193 25.6291787293 20160422.13594960
-3359895.43258 4088768.96432 18.804 4.07380277804e+11 345.023090206 47.0600165732 -7.1060504284 27.8015457309 20160425.12163285
-3395032.15025 4123010.86538 13.692 1.36458313659e+12 89.2077298997 57.3896281509 155.737303408 30.6015364173 20160427.11262464
-3394885.67947 4122892.37502 13.701 2.6607250598e+13 36.0969594438 64.9748228458 -50.8935553513 31.6438285406 20160428.13270329
-3351101.70736 4204083.5262 10.977 2.42661009508e+11 165.655767563 36.9397386818 -7.84947790572 32.3960729374 20160429.10550770
-3379176.33068 4179713.72431 10.737 1.18850222744e+12 180.611631761 35.3229582994 -8.69604908987 25.6689003265 20160521.16165579
-3385865.95931 4102541.99769 12.696 2.95120922667e+13 55.9881633248 52.0454474957 142.562019426 30.52121191 20160528.23034210
-3369338.40099 4096648.24543 10.142 2.78612116863e+11 131.63620717 45.622283536 -99.1384150441 30.8174736707 20160531.07141375
-3378492.25514 4160733.16634 7.038 2.1379620895e+12 167.797489243 85.7224397643 -32.3339958369 26.2214483777 20160606.02135739
-3378441.36851 4160768.63316 7.006 2.04173794467e+11 269.917640361 61.3825022099 -171.071480341 26.0440960251 20160606.02154506
-3339149.25617 4110250.23447 6.457 1.07151930524e+12 286.479038419 88.2435835957 1.58660353688 32.3233672986 20160609.13410227
-3351377.04839 4164478.78289 11.024 1.31825673856e+12 222.668067629 83.4545077505 161.040155422 24.1660050611 20160702.17432860
-3390561.10235 4177586.61383 9.347 4.67735141287e+11 269.458632374 73.9609970451 -106.933071269 27.7735413433 20160707.03512760
-3381540.24381 4215193.83935 16.679 1.36458313659e+12 287.02225178 83.3578094823 -167.758455104 31.5073943264 20160713.16505454
-3350944.27392 4201878.1602 7.373 5.75439937337e+11 254.365793544 86.3014926589 -127.096868043 33.4074614835 20160720.16043454
-3382188.26154 4203577.71492 15.612 6.45654229035e+12 293.165936575 78.1845589613 -149.191766148 29.4805615636 20160801.21041905
-3369002.47189 4130122.48347 4.3 9.6605087899e+11 248.518673778 53.1131282734 119.418961337 30.6059611089 20160805.20323743
-3379675.42633 4205732.05266 16.018 1.16144861384e+13 197.052970732 61.2843288172 -15.1909708606 29.4038839084 20160809.22264720
-3369234.34105 4176299.67096 9.941 6.38263486191e+11 181.700414574 77.3609643405 -6.12554868639 25.423800024 20160821.03443817
-3330363.25659 4171886.67247 13.191 1.1481536215e+12 303.604598403 61.4034397217 1.84419344262 27.0879752785 20160828.16414246
-3380016.17435 4160662.15425 4.366 1.25892541179e+14 243.016989272 87.6008467133 176.083505512 23.5222260263 20160830.01005493
-3379768.54157 4160699.55854 4.219 3.34965439158e+12 139.987969965 89.9951254731 33.0458518121 28.6304686149 20160830.01022326
-3353465.90813 4168691.37812 6.813 2.95120922667e+13 178.000198028 37.6928624894 35.54959059 26.2451317329 20160831.10405081
-3380415.45977 4147672.79708 5.152 1.90546071796e+11 282.093610904 63.7491153239 -142.698223434 25.9810209307 20160910.00171685
-3353861.46076 4094929.1678 18.263 3.84591782045e+12 246.399039038 85.0032362938 -178.418657236 32.8253140166 20160915.04453463
-3366877.71718 4202605.0529 17.873 5.95662143529e+11 141.98875713 63.6482876121 -8.2614245664 29.8777212878 20160916.10260264
-3347450.44184 4088849.10738 11.026 7.8523563461e+11 323.491801924 63.9073882266 -13.5618161102 29.9837176773 20160918.07254821
-3347433.69508 4088847.36131 10.895 3.93550075456e+11 328.854578435 69.8767568576 -10.0656132592 29.088282292 20160918.10133579
-3347732.81506 4165763.67629 9.387 2.60015956317e+11 177.455407285 73.2477908879 26.7127640539 28.846328238 20160921.12131596
-3389696.33109 4177552.818 7.459 1.90546071796e+11 90.7642776668 47.8523482684 -117.507459889 32.6726439206 20160930.18305352
-3390266.36363 4178063.06218 9.429 6.38263486191e+11 141.314456044 26.8722965187 -69.3773272713 31.1208304222 20161002.04185482
-3381266.97998 4177589.58235 7.855 1.88364908949e+13 255.120714771 50.3564333945 -150.980762632 26.9888897243 20161005.23204871
-3391028.7709 4119602.58703 15.989 1.97242273611e+11 155.375065483 87.3216458861 85.1224121704 30.2903938745 20161007.20385756
-3391947.46731 4219426.99159 10.487 6.0953689724e+13 294.250635072 28.9531591221 -24.7399952403 32.3296914782 20161007.23455732
-3392580.07611 4218905.27329 10.318 2.45470891569e+12 214.996537567 49.1946351918 105.968104548 34.8457978481 20161007.23490720
-3376537.4653 4161883.93147 4.7 3.19889510969e+11 284.678810501 65.1308507294 -171.247368962 30.8605443783 20161019.03494111
-3369121.91725 4176339.32361 9.885 7.67361489362e+12 179.133810726 88.9755400432 -16.4092757121 24.6346477022 20161019.13262782
-3369137.81041 4176287.99862 9.858 4.84172367584e+11 264.807022745 75.9871899599 174.471505342 26.6540593262 20161019.16350258
-3369215.4877 4176251.77448 9.856 4.51855944375e+11 265.596751106 74.2349245642 175.356092969 26.0468010697 20161019.20123356
-3360144.26236 4088647.57971 18.829 1.73780082875e+12 339.045452852 63.3515107183 -2.75560655459 26.930951702 20161024.18243715
-3376032.2987 4093693.8823 10.484 4.67735141287e+11 343.439656057 38.9882296229 -39.3217307297 28.7329468457 20161102.06413482
-3337805.30916 4132297.15941 16.875 3.34965439158e+12 339.634397293 61.3637833575 -21.1292885621 27.6603647652 20161109.23285967
-3354612.16265 4085119.1213 21.627 2.11348903984e+11 334.538087867 61.9526029407 6.58091413408 28.6347723748 20161113.09122030
-3367497.71742 4208132.6458 17.95 1.73780082875e+12 55.1259611663 58.1663570179 116.83302708 32.5220003556 20161114.21164556
-3367310.29135 4208083.83592 17.529 1.42889395851e+13 55.6935699083 59.3644442649 117.77183809 31.2507236984 20161114.21223538
-3362213.21504 4182330.6101 14.365 2.1379620895e+12 179.223502342 69.5334009685 28.3862246803 27.5551547809 20161116.05194909
-3362241.29926 4182241.48975 14.327 2.917427014e+12 180.346194425 64.8092568537 39.4558210928 24.7196778837 20161116.05271848
-3362195.84994 4182422.35826 14.366 4.21696503429e+11 182.439994871 59.3781657981 42.9571225383 26.213211142 20161116.05293135
-3362186.2599 4182452.52954 14.411 3.54813389234e+11 257.795187135 77.0088258046 163.334783647 29.634540481 20161116.05563567
-3362233.04776 4182237.41595 14.36 1.84077200147e+11 63.7942167963 51.8039519537 130.486203024 26.4023324397 20161116.06040162
-3362179.24901 4182489.16533 14.433 1.03514216668e+12 182.723299807 60.044833881 43.5734924011 24.4791467779 20161116.06493564
-3376772.60061 4163045.32856 6.901 2.98538261892e+11 340.380436035 76.0641125681 20.7782332143 25.0578743298 20161118.00260526
-3377938.65937 4220122.84941 15.803 3.75837404288e+13 155.569605696 67.4648413394 -38.760175698 30.813253291 20161205.17370429
-3374009.05241 4204708.25376 17.589 6.53130552647e+13 235.239543889 58.0524476197 146.909872068 30.3750500612 20161209.20091148
-3373977.16384 4204872.11657 17.746 1.36458313659e+12 325.584712725 80.2824853761 3.58617327132 29.3761849423 20161209.22383407
-3358649.11556 4176156.6093 13.586 4.12097519097e+12 143.758633642 77.3416618272 18.7410412249 25.8440021344 20161214.19115103
-3358611.18122 4176285.05408 13.402 9.33254300797e+11 323.297771371 89.6828133604 -0.168696490553 30.8753573813 20161215.00014790
-3358489.82042 4176087.63435 13.47 7.41310241301e+12 45.3728495283 65.4166178002 149.978815568 25.49557672 20161215.00241919
-3373646.27208 4204897.93834 18.103 1.90546071796e+11 231.102530294 76.0618504329 -164.872796755 29.2664511287 20161216.03384536
-3373206.71507 4204756.37377 16.411 1.86208713666e+12 314.958901966 81.3288861604 -1.79196054903 28.1208092162 20161216.03501160
-3379942.85163 4159636.11515 7.232 1.90546071796e+11 166.392202281 83.6195200891 -39.4069911547 28.0428924137 20161216.22362298
-3358690.89498 4176180.34796 13.604 3.58921934645e+12 143.832086709 77.1205358813 18.8164742051 24.9846189678 20161220.22242837
-3380520.03729 4159949.12592 7.281 6.83911647281e+11 331.04809733 80.4651506114 23.2372857043 25.8068029826 20161224.08131951
-3362123.16142 4182587.93766 14.464 2.54097270555e+12 177.205401263 68.5344834508 23.4010474583 28.0520704295 20170103.19415807
-3379942.66436 4159656.60226 7.245 4.67735141287e+11 54.1961665601 71.4009768721 126.075839102 27.9445134395 20170111.17475515
-3379887.13991 4159717.56621 7.19 1.07151930524e+12 54.1025098887 72.0934509428 126.152561185 26.9447976765 20170111.19284811
-3382292.05245 4168941.28297 8.748 4.02717034325e+13 177.308092747 56.2702867887 -36.162560741 27.2006614806 20170114.03321399
-3375041.85645 4184143.72707 13.481 2.11348903984e+11 356.27147926 88.7319248036 -21.9046077311 28.8961044995 20170117.10303992
-3376091.94698 4203820.30087 16.831 1.03514216668e+12 323.326521105 83.0734443982 3.56126648227 29.7092836918 20170131.21280277
-3379641.13085 4161958.74106 6.923 2.88403150313e+11 305.676438202 77.2559320451 2.14239918195 26.9729551564 20170202.19484300
-3373764.5685 4157772.12492 7.162 4.21696503429e+14 319.428161101 86.5385244677 35.3101407385 26.311676634 20170203.02375447
-3371217.95083 4223099.83829 17.153 4.12097519097e+12 297.122626638 42.7749225488 -117.081097468 31.100192744 20170204.11111133
-3369006.96234 4098600.67561 8.826 1.90546071796e+11 122.650041128 69.4230569956 -95.5887686209 30.7303349683 20170207.15220657
-3374077.2874 4204673.42818 17.669 3.09029543251e+11 157.553027078 89.2926789745 -36.4031213176 29.867592502 20170209.11481342
-3366116.70674 4170120.11335 7.043 5.01187233627e+11 324.244462415 60.1779476039 7.29891150496 26.1059812774 20170218.13373695
-3379724.41941 4161932.51669 6.947 5.95662143529e+11 300.513624819 78.856411604 -6.71776592277 28.6023270418 20170220.20452466
-3368985.86159 4098624.28483 8.792 7.07945784384e+11 289.633288949 45.5216448861 -111.956680292 29.0539182892 20170224.15061590
-3368988.39903 4098622.8856 8.797 1.18850222744e+12 324.129441384 21.0233215822 -69.8687481934 29.6517756769 20170224.15061590
-3347138.3647 4178567.70308 15.331 4.12097519097e+12 356.181665011 73.8421230991 18.7735282925 28.587001943 20170225.01542891
-3366232.097 4195519.99521 15.488 3.80189396321e+11 337.089706338 72.0083053218 9.79267793219 28.9910448827 20170309.21171828
-3371616.30917 4148535.41826 5.036 4.51855944375e+11 159.843179002 71.8785441477 -13.5861849094 25.1585212964 20170310.08564725
-3376076.8409 4191129.85972 14.896 2.45470891569e+12 266.018464505 84.9637961238 -176.852721171 26.1088064881 20170314.14203050
-3392065.11413 4217876.72955 14.158 3.67282300498e+11 337.735208918 35.6596040338 -13.7140714238 31.3325377225 20170317.15112594
